1 0
2 2
3 6
4 8
5 12
6 18
7 20
8 26
9 30
10 32
11 36
12 42
13 48
14 50
15 56
16 62
17 68
18 72
19 78
20 86
21 90
22 96
23 98
24 102
25 110
26 116
27 120
28 128
29 132
30 138
31 140
32 146
33 152
34 156
35 158
36 162
37 168
38 176
39 182
40 186
41 188
42 198
43 200
44 210
45 212
46 216
47 230
48 240
49 242
50 246
51 252
52 260
53 266
54 270
55 272
56 278
57 282
58 288
59 306
60 308
61 312
62 320
63 336
64 338
65 342
66 348
67 350
68 362
69 372
70 380
71 386
72 392
73 396
74 410
75 420
76 422
77 426
78 428
79 438
80 450
81 452
82 462
83 468
84 470
85 476
86 488
87 492
88 498
89 506
90 510
91 512
92 516
93 530
94 536
95 548
96 552
97 558
98 572
99 578
100 582
101 590
102 596
103 600
104 606
105 608
106 618
107 620
108 630
109 642
110 648
111 650
112 656
113 660
114 672
115 680
116 686
117 702
118 708
119 722
120 726
121 732
122 740
123 746
124 756
125 758
126 762
127 776
128 782
129 798
130 800
131 812
132 818
133 828
134 842
135 848
136 858
137 860
138 870
139 876
140 882
141 888
142 890
143 900
144 912
145 926
146 930
147 936
148 938
149 960
150 966
151 968
152 972
153 980
154 986
155 992
156 996
157 998
158 1008
159 1020
160 1022
161 1026
162 1052
163 1056
164 1058
165 1062
166 1068
167 1070
168 1076
169 1082
170 1086
171 1110
172 1118
173 1122
174 1128
175 1136
176 1140
177 1142
178 1148
179 1152
180 1166
181 1170
182 1176
183 1178
184 1188
185 1190
186 1196
187 1208
188 1212
189 1218
190 1220
191 1232
192 1238
193 1260
194 1266
195 1278
196 1280
197 1290
198 1296
199 1302
200 1308
201 1310
202 1332
203 1338
204 1346
205 1352
206 1362
207 1370
208 1376
209 1398
210 1400
211 1406
212 1412
213 1416
214 1428
215 1430
216 1436
217 1442
218 1458
219 1478
220 1488
221 1500
222 1502
223 1518
224 1532
225 1538
226 1542
227 1560
228 1566
229 1572
230 1580
231 1590
232 1602
233 1608
234 1610
235 1616
236 1628
237 1632
238 1640
239 1646
240 1650
241 1670
242 1680
243 1682
244 1686
245 1706
246 1712
247 1716
248 1722
249 1728
250 1742
251 1748
252 1752
253 1766
254 1770
255 1778
256 1790
257 1796
258 1800
259 1806
260 1812
261 1818
262 1832
263 1836
264 1848
265 1850
266 1862
267 1866
268 1868
269 1878
270 1880
271 1892
272 1896
273 1898
274 1902
275 1916
276 1922
277 1926
278 1946
279 1958
280 1980
281 1982
282 1986
283 1988
284 2000
285 2010
286 2028
287 2036
288 2046
289 2052
290 2060
291 2066
292 2070
293 2072
294 2076
295 2078
296 2088
297 2090
298 2100
299 2102
300 2108
301 2112
302 2130
303 2136
304 2148
305 2160
306 2162
307 2168
308 2178
309 2190
310 2192
311 2202
312 2210
313 2220
314 2226
315 2228
316 2240
317 2246
318 2252
319 2256
320 2262
321 2280
322 2286
323 2312
324 2318
325 2322
326 2342
327 2352
328 2358
329 2360
330 2366
331 2382
332 2388
333 2396
334 2400
335 2408
336 2412
337 2430
338 2442
339 2450
340 2456
341 2462
342 2466
343 2468
344 2478
345 2486
346 2496
347 2508
348 2528
349 2532
350 2552
351 2556
352 2570
353 2576
354 2580
355 2582
356 2592
357 2598
358 2616
359 2618
360 2622
361 2636
362 2648
363 2658
364 2672
365 2682
366 2690
367 2696
368 2706
369 2708
370 2720
371 2732
372 2738
373 2742
374 2750
375 2756
376 2762
377 2772
378 2786
379 2790
380 2792
381 2798
382 2820
383 2826
384 2828
385 2850
386 2856
387 2862
388 2868
389 2870
390 2888
391 2892
392 2910
393 2912
394 2918
395 2928
396 2930
397 2940
398 2958
399 2966
400 2970
401 2972
402 2976
403 2990
404 2996
405 3002
406 3026
407 3032
408 3036
409 3042
410 3060
411 3066
412 3072
413 3086
414 3092
415 3098
416 3110
417 3122
418 3126
419 3138
420 3150
421 3168
422 3176
423 3180
424 3192
425 3198
426 3200
427 3210
428 3222
429 3236
430 3240
431 3242
432 3260
433 3276
434 3282
435 3308
436 3312
437 3318
438 3330
439 3336
440 3348
441 3350
442 3362
443 3366
444 3378
445 3380
446 3386
447 3396
448 3402
449 3408
450 3422
451 3428
452 3432
453 3452
454 3462
455 3480
456 3488
457 3500
458 3506
459 3512
460 3516
461 3522
462 3528
463 3540
464 3542
465 3570
466 3578
467 3588
468 3596
469 3606
470 3620
471 3626
472 3630
473 3632
474 3648
475 3660
476 3666
477 3672
478 3686
479 3698
480 3702
481 3710
482 3716
483 3722
484 3726
485 3728
486 3738
487 3740
488 3768
489 3780
490 3782
491 3786
492 3788
493 3792
494 3812
495 3816
496 3840
497 3842
498 3858
499 3870
500 3876
501 3878
502 3896
503 3906
504 3912
505 3920
506 3926
507 3936
508 3938
509 3948
510 3950
511 3960
512 3962
513 3978
514 3996
515 4008
516 4010
517 4022
518 4026
519 4032
520 4038
521 4040
522 4046
523 4052
524 4058
525 4062
526 4080
527 4088
528 4092
529 4110
530 4116
531 4118
532 4136
533 4146
534 4158
535 4160
536 4166
537 4176
538 4178
539 4188
540 4190
541 4202
542 4212
543 4232
544 4242
545 4248
546 4250
547 4256
548 4260
549 4268
550 4272
551 4286
552 4292
553 4296
554 4298
555 4302
556 4310
557 4316
558 4320
559 4326
560 4332
561 4338
562 4352
563 4368
564 4370
565 4380
566 4412
567 4418
568 4422
569 4428
570 4442
571 4446
572 4452
573 4458
574 4466
575 4470
576 4472
577 4500
578 4502
579 4506
580 4530
581 4556
582 4562
583 4568
584 4586
585 4596
586 4598
587 4608
588 4620
589 4628
590 4632
591 4638
592 4640
593 4652
594 4670
595 4692
596 4698
597 4706
598 4712
599 4718
600 4722
601 4730
602 4736
603 4766
604 4776
605 4782
606 4788
607 4796
608 4800
609 4802
610 4830
611 4836
612 4842
613 4848
614 4860
615 4862
616 4866
617 4872
618 4890
619 4898
620 4908
621 4916
622 4940
623 4946
624 4950
625 4970
626 4976
627 4982
628 4986
629 4992
630 4998
631 5012
632 5018
633 5030
634 5040
635 5046
636 5060
637 5070
638 5088
639 5096
640 5108
641 5118
642 5126
643 5132
644 5150
645 5156
646 5160
647 5166
648 5168
649 5178
650 5198
651 5202
652 5210
653 5222
654 5228
655 5238
656 5256
657 5258
658 5262
659 5268
660 5276
661 5282
662 5286
663 5300
664 5306
665 5312
666 5322
667 5336
668 5342
669 5352
670 5376
671 5382
672 5388
673 5402
674 5408
675 5412
676 5418
677 5426
678 5432
679 5438
680 5468
681 5478
682 5480
683 5486
684 5492
685 5496
686 5520
687 5528
688 5550
689 5556
690 5558
691 5562
692 5570
693 5580
694 5586
695 5588
696 5592
697 5598
698 5606
699 5612
700 5618
701 5628
702 5636
703 5640
704 5642
705 5658
706 5672
707 5676
708 5678
709 5696
710 5700
711 5706
712 5718
713 5720
714 5726
715 5730
716 5732
717 5742
718 5748
719 5756
720 5762
721 5772
722 5790
723 5798
724 5810
725 5816
726 5822
727 5828
728 5832
729 5840
730 5850
731 5852
732 5856
733 5858
734 5882
735 5886
736 5888
737 5892
738 5900
739 5910
740 5952
741 5966
742 5976
743 5982
744 6006
745 6026
746 6036
747 6038
748 6048
749 6050
750 6056
751 6062
752 6068
753 6078
754 6080
755 6090
756 6092
757 6096
758 6102
759 6116
760 6120
761 6140
762 6162
763 6168
764 6182
765 6186
766 6188
767 6192
768 6200
769 6206
770 6210
771 6216
772 6218
773 6230
774 6236
775 6248
776 6252
777 6258
778 6272
779 6276
780 6278
781 6300
782 6302
783 6312
784 6320
785 6326
786 6350
787 6356
788 6362
789 6372
790 6378
791 6390
792 6392
793 6420
794 6426
795 6446
796 6452
797 6456
798 6458
799 6468
800 6476
801 6480
802 6486
803 6498
804 6500
805 6512
806 6516
807 6522
808 6530
809 6536
810 6542
811 6546
812 6558
813 6560
814 6570
815 6588
816 6606
817 6626
818 6630
819 6636
820 6642
821 6662
822 6668
823 6672
824 6690
825 6692
826 6698
827 6708
828 6710
829 6720
830 6728
831 6732
832 6738
833 6740
834 6752
835 6768
836 6776
837 6788
838 6798
839 6806
840 6810
841 6812
842 6816
843 6818
844 6846
845 6848
846 6876
847 6890
848 6896
849 6900
850 6908
851 6918
852 6920
853 6936
854 6938
855 6948
856 6950
857 6962
858 6966
859 6972
860 6978
861 6986
862 6992
863 6998
864 7002
865 7016
866 7022
867 7040
868 7046
869 7076
870 7082
871 7088
872 7098
873 7110
874 7140
875 7146
876 7152
877 7160
878 7170
879 7182
880 7196
881 7200
882 7208
883 7212
884 7218
885 7226
886 7230
887 7236
888 7260
889 7272
890 7278
891 7280
892 7296
893 7310
894 7316
895 7326
896 7328
897 7338
898 7340
899 7350
900 7358
901 7370
902 7376
903 7380
904 7382
905 7392
906 7406
907 7410
908 7412
909 7418
910 7422
911 7442
912 7446
913 7448
914 7466
915 7482
916 7488
917 7506
918 7508
919 7512
920 7520
921 7526
922 7530
923 7550
924 7560
925 7566
926 7568
927 7586
928 7592
929 7596
930 7602
931 7608
932 7620
933 7622
934 7638
935 7646
936 7656
937 7662
938 7686
939 7688
940 7698
941 7706
942 7722
943 7728
944 7730
945 7740
946 7746
947 7748
948 7770
949 7772
950 7800
951 7802
952 7806
953 7812
954 7820
955 7830
956 7832
957 7838
958 7842
959 7862
960 7880
961 7886
962 7896
963 7898
964 7902
965 7908
966 7910
967 7922
968 7938
969 7950
970 7952
971 7956
972 7986
973 7998
974 8010
975 8012
976 8028
977 8030
978 8036
979 8040
980 8042
981 8066
982 8072
983 8076
984 8096
985 8108
986 8118
987 8120
988 8132
989 8142
990 8162
991 8166
992 8180
993 8192
994 8202
995 8208
996 8216
997 8220
998 8238
999 8240
1000 8250
1001 8276
1002 8280
1003 8300
1004 8306
1005 8316
1006 8322
1007 8328
1008 8346
1009 8366
1010 8370
1011 8372
1012 8378
1013 8390
1014 8402
1015 8460
1016 8462
1017 8468
1018 8472
1019 8496
1020 8510
1021 8520
1022 8526
1023 8528
1024 8532
1025 8538
1026 8546
1027 8556
1028 8562
1029 8570
1030 8588
1031 8610
1032 8622
1033 8628
1034 8630
1035 8642
1036 8652
1037 8658
1038 8666
1039 8678
1040 8688
1041 8700
1042 8708
1043 8736
1044 8738
1045 8742
1046 8748
1047 8766
1048 8778
1049 8786
1050 8790
1051 8792
1052 8798
1053 8822
1054 8832
1055 8840
1056 8846
1057 8852
1058 8856
1059 8862
1060 8888
1061 8892
1062 8916
1063 8918
1064 8930
1065 8936
1066 8940
1067 8946
1068 8952
1069 8960
1070 8976
1071 8978
1072 8982
1073 8990
1074 9006
1075 9018
1076 9020
1077 9030
1078 9038
1079 9042
1080 9048
1081 9060
1082 9066
1083 9086
1084 9090
1085 9092
1086 9116
1087 9120
1088 9122
1089 9126
1090 9128
1091 9132
1092 9150
1093 9158
1094 9162
1095 9176
1096 9198
1097 9206
1098 9210
1099 9216
1100 9230
1101 9240
1102 9242
1103 9248
1104 9252
1105 9258
1106 9260
1107 9288
1108 9290
1109 9308
1110 9312
1111 9318
1112 9330
1113 9332
1114 9350
1115 9356
1116 9360
1117 9368
1118 9378
1119 9380
1120 9396
1121 9398
1122 9422
1123 9428
1124 9456
1125 9458
1126 9462
1127 9482
1128 9486
1129 9500
1130 9522
1131 9536
1132 9546
1133 9548
1134 9552
1135 9560
1136 9570
1137 9590
1138 9596
1139 9606
1140 9618
1141 9626
1142 9632
1143 9636
1144 9638
1145 9650
1146 9662
1147 9666
1148 9668
1149 9672
1150 9678
1151 9692
1152 9702
1153 9708
1154 9710
1155 9716
1156 9720
1157 9722
1158 9728
1159 9746
1160 9750
1161 9776
1162 9788
1163 9792
1164 9818
1165 9822
1166 9830
1167 9840
1168 9858
1169 9876
1170 9888
1171 9900
1172 9902
1173 9906
1174 9926
1175 9930
1176 9932
1177 9948
1178 9956
1179 9962
1180 9968
1181 9980
1182 9990
1183 9996
1184 10008
1185 10010
1186 10032
1187 10038
1188 10052
1189 10068
1190 10080
1191 10082
1192 10100
1193 10106
1194 10110
1195 10112
1196 10116
1197 10142
1198 10148
1199 10166
1200 10172
1201 10176
1202 10220
1203 10226
1204 10238
1205 10242
1206 10256
1207 10266
1208 10278
1209 10280
1210 10296
1211 10302
1212 10308
1213 10322
1214 10332
1215 10340
1216 10346
1217 10352
1218 10358
1219 10368
1220 10376
1221 10380
1222 10392
1223 10406
1224 10442
1225 10446
1226 10452
1227 10458
1228 10460
1229 10490
1230 10500
1231 10506
1232 10508
1233 10512
1234 10520
1235 10526
1236 10536
1237 10542
1238 10548
1239 10562
1240 10572
1241 10602
1242 10616
1243 10626
1244 10628
1245 10638
1246 10640
1247 10656
1248 10658
1249 10662
1250 10670
1251 10680
1252 10682
1253 10688
1254 10712
1255 10716
1256 10718
1257 10722
1258 10736
1259 10740
1260 10742
1261 10746
1262 10758
1263 10770
1264 10806
1265 10808
1266 10850
1267 10868
1268 10872
1269 10892
1270 10920
1271 10922
1272 10926
1273 10932
1274 10940
1275 10946
1276 10952
1277 10956
1278 10962
1279 10968
1280 10970
1281 10976
1282 10980
1283 10992
1284 10998
1285 11018
1286 11030
1287 11036
1288 11046
1289 11052
1290 11076
1291 11078
1292 11100
1293 11102
1294 11106
1295 11118
1296 11130
1297 11136
1298 11138
1299 11150
1300 11156
1301 11160
1302 11172
1303 11186
1304 11198
1305 11202
1306 11208
1307 11228
1308 11232
1309 11240
1310 11250
1311 11262
1312 11270
1313 11282
1314 11286
1315 11292
1316 11300
1317 11310
1318 11316
1319 11340
1320 11342
1321 11348
1322 11358
1323 11372
1324 11382
1325 11388
1326 11408
1327 11418
1328 11430
1329 11432
1330 11436
1331 11438
1332 11460
1333 11468
1334 11472
1335 11486
1336 11492
1337 11498
1338 11508
1339 11510
1340 11526
1341 11528
1342 11552
1343 11556
1344 11562
1345 11568
1346 11570
1347 11576
1348 11582
1349 11586
1350 11598
1351 11612
1352 11622
1353 11646
1354 11648
1355 11660
1356 11666
1357 11678
1358 11682
1359 11696
1360 11706
1361 11708
1362 11730
1363 11736
1364 11738
1365 11768
1366 11772
1367 11778
1368 11790
1369 11816
1370 11832
1371 11838
1372 11858
1373 11880
1374 11898
1375 11900
1376 11906
1377 11912
1378 11916
1379 11928
1380 11936
1381 11946
1382 11970
1383 11972
1384 11976
1385 11978
1386 11982
1387 11988
1388 11996
1389 12030
1390 12038
1391 12042
1392 12048
1393 12056
1394 12066
1395 12068
1396 12090
1397 12096
1398 12098
1399 12110
1400 12122
1401 12140
1402 12146
1403 12152
1404 12158
1405 12170
1406 12180
1407 12186
1408 12192
1409 12200
1410 12210
1411 12212
1412 12216
1413 12228
1414 12240
1415 12258
1416 12266
1417 12282
1418 12296
1419 12300
1420 12320
1421 12326
1422 12342
1423 12348
1424 12356
1425 12392
1426 12396
1427 12398
1428 12410
1429 12420
1430 12422
1431 12426
1432 12432
1433 12438
1434 12450
1435 12452
1436 12458
1437 12462
1438 12476
1439 12480
1440 12482
1441 12488
1442 12506
1443 12516
1444 12522
1445 12528
1446 12542
1447 12548
1448 12552
1449 12558
1450 12560
1451 12566
1452 12588
1453 12590
1454 12612
1455 12626
1456 12630
1457 12642
1458 12648
1459 12656
1460 12660
1461 12662
1462 12668
1463 12678
1464 12686
1465 12690
1466 12692
1467 12716
1468 12726
1469 12738
1470 12746
1471 12752
1472 12762
1473 12768
1474 12770
1475 12788
1476 12800
1477 12812
1478 12828
1479 12836
1480 12852
1481 12860
1482 12866
1483 12870
1484 12882
1485 12888
1486 12896
1487 12900
1488 12902
1489 12920
1490 12938
1491 12966
1492 12968
1493 12972
1494 12980
1495 12990
1496 12992
1497 12998
1498 13008
1499 13022
1500 13026
1501 13032
1502 13056
1503 13070
1504 13076
1505 13088
1506 13110
1507 13112
1508 13116
1509 13130
1510 13140
1511 13146
1512 13152
1513 13158
1514 13160
1515 13166
1516 13178
1517 13200
1518 13202
1519 13206
1520 13208
1521 13262
1522 13266
1523 13272
1524 13280
1525 13286
1526 13292
1527 13298
1528 13302
1529 13320
1530 13322
1531 13340
1532 13346
1533 13356
1534 13358
1535 13362
1536 13382
1537 13400
1538 13406
1539 13410
1540 13412
1541 13416
1542 13448
1543 13460
1544 13470
1545 13490
1546 13496
1547 13526
1548 13530
1549 13532
1550 13536
1551 13542
1552 13550
1553 13572
1554 13578
1555 13592
1556 13598
1557 13602
1558 13608
1559 13616
1560 13620
1561 13622
1562 13628
1563 13640
1564 13662
1565 13668
1566 13676
1567 13680
1568 13698
1569 13710
1570 13712
1571 13718
1572 13728
1573 13740
1574 13752
1575 13770
1576 13778
1577 13782
1578 13790
1579 13796
1580 13802
1581 13806
1582 13808
1583 13812
1584 13818
1585 13826
1586 13836
1587 13848
1588 13866
1589 13868
1590 13878
1591 13892
1592 13922
1593 13932
1594 13946
1595 13958
1596 13962
1597 13980
1598 13988
1599 13992
1600 14000
1601 14016
1602 14040
1603 14046
1604 14048
1605 14060
1606 14072
1607 14078
1608 14102
1609 14112
1610 14138
1611 14142
1612 14166
1613 14172
1614 14186
1615 14190
1616 14196
1617 14198
1618 14208
1619 14216
1620 14222
1621 14226
1622 14232
1623 14238
1624 14246
1625 14256
1626 14258
1627 14268
1628 14280
1629 14282
1630 14286
1631 14292
1632 14300
1633 14310
1634 14312
1635 14330
1636 14342
1637 14348
1638 14370
1639 14378
1640 14390
1641 14396
1642 14408
1643 14412
1644 14436
1645 14442
1646 14450
1647 14462
1648 14466
1649 14480
1650 14490
1651 14502
1652 14510
1653 14516
1654 14520
1655 14526
1656 14532
1657 14538
1658 14540
1659 14552
1660 14586
1661 14592
1662 14618
1663 14622
1664 14628
1665 14630
1666 14636
1667 14642
1668 14660
1669 14666
1670 14672
1671 14676
1672 14700
1673 14718
1674 14726
1675 14736
1676 14742
1677 14748
1678 14750
1679 14760
1680 14768
1681 14790
1682 14792
1683 14798
1684 14816
1685 14820
1686 14826
1687 14858
1688 14862
1689 14876
1690 14900
1691 14918
1692 14928
1693 14930
1694 14940
1695 14952
1696 14958
1697 14966
1698 14982
1699 14996
1700 15002
1701 15006
1702 15012
1703 15026
1704 15036
1705 15048
1706 15056
1707 15066
1708 15072
1709 15078
1710 15080
1711 15090
1712 15096
1713 15098
1714 15126
1715 15132
1716 15138
1717 15150
1718 15162
1719 15182
1720 15206
1721 15210
1722 15212
1723 15216
1724 15246
1725 15248
1726 15258
1727 15272
1728 15278
1729 15288
1730 15296
1731 15318
1732 15320
1733 15330
1734 15332
1735 15338
1736 15356
1737 15362
1738 15378
1739 15402
1740 15408
1741 15420
1742 15440
1743 15446
1744 15450
1745 15468
1746 15476
1747 15488
1748 15492
1749 15500
1750 15506
1751 15512
1752 15516
1753 15518
1754 15530
1755 15542
1756 15558
1757 15572
1758 15576
1759 15590
1760 15600
1761 15612
1762 15618
1763 15626
1764 15632
1765 15638
1766 15642
1767 15650
1768 15660
1769 15672
1770 15678
1771 15686
1772 15696
1773 15708
1774 15710
1775 15738
1776 15740
1777 15750
1778 15752
1779 15756
1780 15762
1781 15780
1782 15786
1783 15792
1784 15806
1785 15818
1786 15828
1787 15840
1788 15842
1789 15846
1790 15852
1791 15860
1792 15866
1793 15882
1794 15890
1795 15896
1796 15908
1797 15960
1798 15968
1799 15972
1800 15986
1801 15992
1802 16002
1803 16008
1804 16052
1805 16058
1806 16070
1807 16086
1808 16092
1809 16100
1810 16112
1811 16116
1812 16122
1813 16130
1814 16148
1815 16158
1816 16170
1817 16172
1818 16176
1819 16182
1820 16190
1821 16200
1822 16206
1823 16220
1824 16248
1825 16260
1826 16262
1827 16268
1828 16280
1829 16286
1830 16322
1831 16326
1832 16338
1833 16356
1834 16358
1835 16380
1836 16386
1837 16388
1838 16398
1839 16416
1840 16422
1841 16430
1842 16442
1843 16452
1844 16458
1845 16466
1846 16478
1847 16496
1848 16500
1849 16506
1850 16508
1851 16512
1852 16518
1853 16532
1854 16542
1855 16556
1856 16562
1857 16566
1858 16568
1859 16580
1860 16590
1861 16592
1862 16622
1863 16652
1864 16668
1865 16676
1866 16682
1867 16688
1868 16728
1869 16730
1870 16746
1871 16760
1872 16770
1873 16772
1874 16776
1875 16788
1876 16800
1877 16806
1878 16808
1879 16812
1880 16818
1881 16826
1882 16842
1883 16856
1884 16860
1885 16872
1886 16878
1887 16886
1888 16902
1889 16926
1890 16958
1891 16970
1892 16980
1893 16982
1894 16988
1895 16998
1896 17012
1897 17030
1898 17036
1899 17040
1900 17042
1901 17060
1902 17102
1903 17108
1904 17112
1905 17120
1906 17130
1907 17136
1908 17142
1909 17156
1910 17162
1911 17186
1912 17210
1913 17232
1914 17240
1915 17246
1916 17250
1917 17268
1918 17270
1919 17276
1920 17292
1921 17306
1922 17310
1923 17322
1924 17346
1925 17348
1926 17358
1927 17360
1928 17372
1929 17378
1930 17400
1931 17402
1932 17420
1933 17448
1934 17450
1935 17456
1936 17472
1937 17478
1938 17490
1939 17492
1940 17516
1941 17526
1942 17532
1943 17540
1944 17556
1945 17558
1946 17562
1947 17576
1948 17586
1949 17588
1950 17598
1951 17600
1952 17612
1953 17630
1954 17640
1955 17646
1956 17658
1957 17666
1958 17672
1959 17676
1960 17690
1961 17696
1962 17700
1963 17702
1964 17712
1965 17718
1966 17730
1967 17768
1968 17796
1969 17808
1970 17816
1971 17820
1972 17822
1973 17826
1974 17828
1975 17838
1976 17852
1977 17862
1978 17868
1979 17898
1980 17900
1981 17910
1982 17912
1983 17936
1984 17940
1985 17948
1986 17960
1987 17966
1988 17982
1989 17988
1990 18008
1991 18018
1992 18030
1993 18050
1994 18060
1995 18068
1996 18072
1997 18080
1998 18090
1999 18096
2000 18120
