k=1 S=0 greedy=0 isgreedy=1 nopt=1 nodes=1 xlim=1 secs=0.00 A=0
  tuple: 0
k=2 S=2 greedy=2 isgreedy=1 nopt=1 nodes=2 xlim=1 secs=0.00 A=2
  tuple: 0 2
k=3 S=8 greedy=8 isgreedy=1 nopt=1 nodes=3 xlim=3 secs=0.00 A=6
  tuple: 0 2 6
k=4 S=16 greedy=16 isgreedy=1 nopt=1 nodes=4 xlim=4 secs=0.00 A=8
  tuple: 0 2 6 8
k=5 S=28 greedy=28 isgreedy=1 nopt=1 nodes=5 xlim=6 secs=0.00 A=12
  tuple: 0 2 6 8 12
k=6 S=46 greedy=46 isgreedy=1 nopt=1 nodes=6 xlim=9 secs=0.00 A=16
  tuple: 0 2 6 8 12 18
k=7 S=66 greedy=66 isgreedy=1 nopt=1 nodes=7 xlim=10 secs=0.00 A=20
  tuple: 0 2 6 8 12 18 20
k=8 S=92 greedy=92 isgreedy=1 nopt=1 nodes=8 xlim=13 secs=0.00 A=26
  tuple: 0 2 6 8 12 18 20 26
k=9 S=122 greedy=122 isgreedy=1 nopt=1 nodes=9 xlim=15 secs=0.00 A=30
  tuple: 0 2 6 8 12 18 20 26 30
k=10 S=154 greedy=154 isgreedy=1 nopt=1 nodes=10 xlim=16 secs=0.00 A=32
  tuple: 0 2 6 8 12 18 20 26 30 32
k=11 S=190 greedy=190 isgreedy=1 nopt=1 nodes=11 xlim=18 secs=0.00 A=36
  tuple: 0 2 6 8 12 18 20 26 30 32 36
k=12 S=232 greedy=232 isgreedy=1 nopt=1 nodes=12 xlim=21 secs=0.00 A=42
  tuple: 0 2 6 8 12 18 20 26 30 32 36 42
k=13 S=280 greedy=280 isgreedy=1 nopt=1 nodes=13 xlim=24 secs=0.00 A=48
  tuple: 0 2 6 8 12 18 20 26 30 32 36 42 48
k=14 S=330 greedy=330 isgreedy=1 nopt=1 nodes=14 xlim=25 secs=0.00 A=50
  tuple: 0 2 6 8 12 18 20 26 30 32 36 42 48 50
k=15 S=386 greedy=386 isgreedy=1 nopt=1 nodes=15 xlim=28 secs=0.00 A=56
  tuple: 0 2 6 8 12 18 20 26 30 32 36 42 48 50 56
k=16 S=448 greedy=448 isgreedy=1 nopt=1 nodes=16 xlim=31 secs=0.00 A=60
  tuple: 0 2 6 8 12 18 20 26 30 32 36 42 48 50 56 62
k=17 S=516 greedy=516 isgreedy=1 nopt=1 nodes=17 xlim=34 secs=0.00 A=66
  tuple: 0 2 6 8 12 18 20 26 30 32 36 42 48 50 56 62 68
k=18 S=588 greedy=588 isgreedy=1 nopt=1 nodes=23 xlim=36 secs=0.00 A=70
  tuple: 0 2 6 8 12 18 20 26 30 32 36 42 48 50 56 62 68 72
k=19 S=666 greedy=666 isgreedy=1 nopt=1 nodes=26 xlim=39 secs=0.00 A=76
  tuple: 0 2 6 8 12 18 20 26 30 32 36 42 48 50 56 62 68 72 78
k=20 S=752 greedy=752 isgreedy=1 nopt=1 nodes=40 xlim=43 secs=0.00 A=80
  tuple: 0 2 6 8 12 18 20 26 30 32 36 42 48 50 56 62 68 72 78 86
k=21 S=842 greedy=842 isgreedy=1 nopt=1 nodes=47 xlim=45 secs=0.00 A=84
  tuple: 0 2 6 8 12 18 20 26 30 32 36 42 48 50 56 62 68 72 78 86 90
k=22 S=938 greedy=938 isgreedy=1 nopt=1 nodes=56 xlim=48 secs=0.00 A=90
  tuple: 0 2 6 8 12 18 20 26 30 32 36 42 48 50 56 62 68 72 78 86 90 96
k=23 S=1036 greedy=1036 isgreedy=1 nopt=1 nodes=64 xlim=49 secs=0.00 A=94
  tuple: 0 2 6 8 12 18 20 26 30 32 36 42 48 50 56 62 68 72 78 86 90 96 98
k=24 S=1138 greedy=1138 isgreedy=1 nopt=1 nodes=72 xlim=51 secs=0.00 A=100
  tuple: 0 2 6 8 12 18 20 26 30 32 36 42 48 50 56 62 68 72 78 86 90 96 98 102
k=25 S=1248 greedy=1248 isgreedy=1 nopt=1 nodes=73 xlim=55 secs=0.00 A=110
  tuple: 0 2 6 8 12 18 20 26 30 32 36 42 48 50 56 62 68 72 78 86 90 96 98 102 110
k=26 S=1364 greedy=1364 isgreedy=1 nopt=1 nodes=76 xlim=58 secs=0.00 A=114
  tuple: 0 2 6 8 12 18 20 26 30 32 36 42 48 50 56 62 68 72 78 86 90 96 98 102 110 116
k=27 S=1484 greedy=1484 isgreedy=1 nopt=1 nodes=79 xlim=60 secs=0.00 A=120
  tuple: 0 2 6 8 12 18 20 26 30 32 36 42 48 50 56 62 68 72 78 86 90 96 98 102 110 116 120
k=28 S=1612 greedy=1612 isgreedy=1 nopt=1 nodes=86 xlim=64 secs=0.00 A=126
  tuple: 0 2 6 8 12 18 20 26 30 32 36 42 48 50 56 62 68 72 78 86 90 96 98 102 110 116 120 128
k=29 S=1744 greedy=1744 isgreedy=1 nopt=1 nodes=96 xlim=66 secs=0.00 A=130
  tuple: 0 2 6 8 12 18 20 26 30 32 36 42 48 50 56 62 68 72 78 86 90 96 98 102 110 116 120 128 132
k=30 S=1882 greedy=1882 isgreedy=1 nopt=1 nodes=106 xlim=69 secs=0.00 A=136
  tuple: 0 2 6 8 12 18 20 26 30 32 36 42 48 50 56 62 68 72 78 86 90 96 98 102 110 116 120 128 132 138
k=31 S=2022 greedy=2022 isgreedy=1 nopt=1 nodes=107 xlim=70 secs=0.00 A=140
  tuple: 0 2 6 8 12 18 20 26 30 32 36 42 48 50 56 62 68 72 78 86 90 96 98 102 110 116 120 128 132 138 140
k=32 S=2168 greedy=2168 isgreedy=1 nopt=1 nodes=108 xlim=73 secs=0.00 A=146
  tuple: 0 2 6 8 12 18 20 26 30 32 36 42 48 50 56 62 68 72 78 86 90 96 98 102 110 116 120 128 132 138 140 146
k=33 S=2320 greedy=2320 isgreedy=1 nopt=1 nodes=109 xlim=76 secs=0.00 A=152
  tuple: 0 2 6 8 12 18 20 26 30 32 36 42 48 50 56 62 68 72 78 86 90 96 98 102 110 116 120 128 132 138 140 146 152
k=34 S=2476 greedy=2476 isgreedy=1 nopt=1 nodes=110 xlim=78 secs=0.00 A=156
  tuple: 0 2 6 8 12 18 20 26 30 32 36 42 48 50 56 62 68 72 78 86 90 96 98 102 110 116 120 128 132 138 140 146 152 156
k=35 S=2634 greedy=2634 isgreedy=1 nopt=1 nodes=111 xlim=79 secs=0.00 A=158
  tuple: 0 2 6 8 12 18 20 26 30 32 36 42 48 50 56 62 68 72 78 86 90 96 98 102 110 116 120 128 132 138 140 146 152 156 158
k=36 S=2796 greedy=2796 isgreedy=1 nopt=1 nodes=109 xlim=81 secs=0.00 A=162
  tuple: 0 2 6 8 12 18 20 26 30 32 36 42 48 50 56 62 68 72 78 86 90 96 98 102 110 116 120 128 132 138 140 146 152 156 158 162
k=37 S=2964 greedy=2964 isgreedy=1 nopt=1 nodes=110 xlim=84 secs=0.00 A=168
  tuple: 0 2 6 8 12 18 20 26 30 32 36 42 48 50 56 62 68 72 78 86 90 96 98 102 110 116 120 128 132 138 140 146 152 156 158 162 168
k=38 S=3140 greedy=3140 isgreedy=1 nopt=1 nodes=111 xlim=88 secs=0.00 A=176
  tuple: 0 2 6 8 12 18 20 26 30 32 36 42 48 50 56 62 68 72 78 86 90 96 98 102 110 116 120 128 132 138 140 146 152 156 158 162 168 176
k=39 S=3322 greedy=3322 isgreedy=1 nopt=1 nodes=112 xlim=91 secs=0.00 A=182
  tuple: 0 2 6 8 12 18 20 26 30 32 36 42 48 50 56 62 68 72 78 86 90 96 98 102 110 116 120 128 132 138 140 146 152 156 158 162 168 176 182
k=40 S=3508 greedy=3508 isgreedy=1 nopt=1 nodes=113 xlim=93 secs=0.00 A=186
  tuple: 0 2 6 8 12 18 20 26 30 32 36 42 48 50 56 62 68 72 78 86 90 96 98 102 110 116 120 128 132 138 140 146 152 156 158 162 168 176 182 186
k=41 S=3696 greedy=3696 isgreedy=1 nopt=1 nodes=114 xlim=94 secs=0.00 A=188
  tuple: 0 2 6 8 12 18 20 26 30 32 36 42 48 50 56 62 68 72 78 86 90 96 98 102 110 116 120 128 132 138 140 146 152 156 158 162 168 176 182 186 188
k=42 S=3894 greedy=3894 isgreedy=1 nopt=1 nodes=115 xlim=99 secs=0.00 A=196
  tuple: 0 2 6 8 12 18 20 26 30 32 36 42 48 50 56 62 68 72 78 86 90 96 98 102 110 116 120 128 132 138 140 146 152 156 158 162 168 176 182 186 188 198
k=43 S=4094 greedy=4094 isgreedy=1 nopt=1 nodes=116 xlim=100 secs=0.00 A=200
  tuple: 0 2 6 8 12 18 20 26 30 32 36 42 48 50 56 62 68 72 78 86 90 96 98 102 110 116 120 128 132 138 140 146 152 156 158 162 168 176 182 186 188 198 200
k=44 S=4304 greedy=4304 isgreedy=1 nopt=1 nodes=117 xlim=105 secs=0.00 A=210
  tuple: 0 2 6 8 12 18 20 26 30 32 36 42 48 50 56 62 68 72 78 86 90 96 98 102 110 116 120 128 132 138 140 146 152 156 158 162 168 176 182 186 188 198 200 210
k=45 S=4516 greedy=4516 isgreedy=1 nopt=1 nodes=118 xlim=106 secs=0.00 A=212
  tuple: 0 2 6 8 12 18 20 26 30 32 36 42 48 50 56 62 68 72 78 86 90 96 98 102 110 116 120 128 132 138 140 146 152 156 158 162 168 176 182 186 188 198 200 210 212
k=46 S=4732 greedy=4732 isgreedy=1 nopt=1 nodes=119 xlim=108 secs=0.00 A=216
  tuple: 0 2 6 8 12 18 20 26 30 32 36 42 48 50 56 62 68 72 78 86 90 96 98 102 110 116 120 128 132 138 140 146 152 156 158 162 168 176 182 186 188 198 200 210 212 216
k=47 S=4962 greedy=4962 isgreedy=1 nopt=1 nodes=141 xlim=115 secs=0.00 A=226
  tuple: 0 2 6 8 12 18 20 26 30 32 36 42 48 50 56 62 68 72 78 86 90 96 98 102 110 116 120 128 132 138 140 146 152 156 158 162 168 176 182 186 188 198 200 210 212 216 230
k=48 S=5202 greedy=5202 isgreedy=1 nopt=1 nodes=164 xlim=120 secs=0.00 A=236
  tuple: 0 2 6 8 12 18 20 26 30 32 36 42 48 50 56 62 68 72 78 86 90 96 98 102 110 116 120 128 132 138 140 146 152 156 158 162 168 176 182 186 188 198 200 210 212 216 230 240
k=49 S=5444 greedy=5444 isgreedy=1 nopt=1 nodes=171 xlim=121 secs=0.00 A=240
  tuple: 0 2 6 8 12 18 20 26 30 32 36 42 48 50 56 62 68 72 78 86 90 96 98 102 110 116 120 128 132 138 140 146 152 156 158 162 168 176 182 186 188 198 200 210 212 216 230 240 242
k=50 S=5690 greedy=5690 isgreedy=1 nopt=1 nodes=172 xlim=123 secs=0.00 A=246
  tuple: 0 2 6 8 12 18 20 26 30 32 36 42 48 50 56 62 68 72 78 86 90 96 98 102 110 116 120 128 132 138 140 146 152 156 158 162 168 176 182 186 188 198 200 210 212 216 230 240 242 246
k=51 S=5942 greedy=5942 isgreedy=1 nopt=1 nodes=173 xlim=126 secs=0.00 A=252
  tuple: 0 2 6 8 12 18 20 26 30 32 36 42 48 50 56 62 68 72 78 86 90 96 98 102 110 116 120 128 132 138 140 146 152 156 158 162 168 176 182 186 188 198 200 210 212 216 230 240 242 246 252
k=52 S=6202 greedy=6202 isgreedy=1 nopt=1 nodes=215 xlim=130 secs=0.00 A=254
  tuple: 0 2 6 8 12 18 20 26 30 32 36 42 48 50 56 62 68 72 78 86 90 96 98 102 110 116 120 128 132 138 140 146 152 156 158 162 168 176 182 186 188 198 200 210 212 216 230 240 242 246 252 260
k=53 S=6468 greedy=6468 isgreedy=1 nopt=1 nodes=228 xlim=133 secs=0.00 A=264
  tuple: 0 2 6 8 12 18 20 26 30 32 36 42 48 50 56 62 68 72 78 86 90 96 98 102 110 116 120 128 132 138 140 146 152 156 158 162 168 176 182 186 188 198 200 210 212 216 230 240 242 246 252 260 266
k=54 S=6738 greedy=6738 isgreedy=1 nopt=1 nodes=229 xlim=135 secs=0.00 A=270
  tuple: 0 2 6 8 12 18 20 26 30 32 36 42 48 50 56 62 68 72 78 86 90 96 98 102 110 116 120 128 132 138 140 146 152 156 158 162 168 176 182 186 188 198 200 210 212 216 230 240 242 246 252 260 266 270
k=55 S=7010 greedy=7010 isgreedy=1 nopt=1 nodes=230 xlim=136 secs=0.00 A=272
  tuple: 0 2 6 8 12 18 20 26 30 32 36 42 48 50 56 62 68 72 78 86 90 96 98 102 110 116 120 128 132 138 140 146 152 156 158 162 168 176 182 186 188 198 200 210 212 216 230 240 242 246 252 260 266 270 272
k=56 S=7288 greedy=7288 isgreedy=1 nopt=1 nodes=231 xlim=139 secs=0.00 A=278
  tuple: 0 2 6 8 12 18 20 26 30 32 36 42 48 50 56 62 68 72 78 86 90 96 98 102 110 116 120 128 132 138 140 146 152 156 158 162 168 176 182 186 188 198 200 210 212 216 230 240 242 246 252 260 266 270 272 278
k=57 S=7570 greedy=7570 isgreedy=1 nopt=1 nodes=232 xlim=141 secs=0.00 A=282
  tuple: 0 2 6 8 12 18 20 26 30 32 36 42 48 50 56 62 68 72 78 86 90 96 98 102 110 116 120 128 132 138 140 146 152 156 158 162 168 176 182 186 188 198 200 210 212 216 230 240 242 246 252 260 266 270 272 278 282
k=58 S=7858 greedy=7858 isgreedy=1 nopt=1 nodes=233 xlim=144 secs=0.00 A=288
  tuple: 0 2 6 8 12 18 20 26 30 32 36 42 48 50 56 62 68 72 78 86 90 96 98 102 110 116 120 128 132 138 140 146 152 156 158 162 168 176 182 186 188 198 200 210 212 216 230 240 242 246 252 260 266 270 272 278 282 288
k=59 S=8164 greedy=8164 isgreedy=1 nopt=1 nodes=266 xlim=153 secs=0.00 A=300
  tuple: 0 2 6 8 12 18 20 26 30 32 36 42 48 50 56 62 68 72 78 86 90 96 98 102 110 116 120 128 132 138 140 146 152 156 158 162 168 176 182 186 188 198 200 210 212 216 230 240 242 246 252 260 266 270 272 278 282 288 306
k=60 S=8472 greedy=8472 isgreedy=1 nopt=1 nodes=290 xlim=154 secs=0.00 A=304
  tuple: 0 2 6 8 12 18 20 26 30 32 36 42 48 50 56 62 68 72 78 86 90 96 98 102 110 116 120 128 132 138 140 146 152 156 158 162 168 176 182 186 188 198 200 210 212 216 230 240 242 246 252 260 266 270 272 278 282 288 306 308
k=61 S=8784 greedy=8784 isgreedy=1 nopt=1 nodes=319 xlim=156 secs=0.00 A=310
  tuple: 0 2 6 8 12 18 20 26 30 32 36 42 48 50 56 62 68 72 78 86 90 96 98 102 110 116 120 128 132 138 140 146 152 156 158 162 168 176 182 186 188 198 200 210 212 216 230 240 242 246 252 260 266 270 272 278 282 288 306 308 312
k=62 S=9104 greedy=9104 isgreedy=1 nopt=1 nodes=320 xlim=160 secs=0.00 A=320
  tuple: 0 2 6 8 12 18 20 26 30 32 36 42 48 50 56 62 68 72 78 86 90 96 98 102 110 116 120 128 132 138 140 146 152 156 158 162 168 176 182 186 188 198 200 210 212 216 230 240 242 246 252 260 266 270 272 278 282 288 306 308 312 320
k=63 S=9440 greedy=9440 isgreedy=1 nopt=1 nodes=417 xlim=168 secs=0.00 A=324
  tuple: 0 2 6 8 12 18 20 26 30 32 36 42 48 50 56 62 68 72 78 86 90 96 98 102 110 116 120 128 132 138 140 146 152 156 158 162 168 176 182 186 188 198 200 210 212 216 230 240 242 246 252 260 266 270 272 278 282 288 306 308 312 320 336
k=64 S=9778 greedy=9778 isgreedy=1 nopt=1 nodes=516 xlim=169 secs=0.00 A=330
  tuple: 0 2 6 8 12 18 20 26 30 32 36 42 48 50 56 62 68 72 78 86 90 96 98 102 110 116 120 128 132 138 140 146 152 156 158 162 168 176 182 186 188 198 200 210 212 216 230 240 242 246 252 260 266 270 272 278 282 288 306 308 312 320 336 338
k=65 S=10120 greedy=10120 isgreedy=1 nopt=1 nodes=581 xlim=171 secs=0.00 A=336
  tuple: 0 2 6 8 12 18 20 26 30 32 36 42 48 50 56 62 68 72 78 86 90 96 98 102 110 116 120 128 132 138 140 146 152 156 158 162 168 176 182 186 188 198 200 210 212 216 230 240 242 246 252 260 266 270 272 278 282 288 306 308 312 320 336 338 342
k=66 S=10468 greedy=10468 isgreedy=1 nopt=1 nodes=683 xlim=174 secs=0.00 A=342
  tuple: 0 2 6 8 12 18 20 26 30 32 36 42 48 50 56 62 68 72 78 86 90 96 98 102 110 116 120 128 132 138 140 146 152 156 158 162 168 176 182 186 188 198 200 210 212 216 230 240 242 246 252 260 266 270 272 278 282 288 306 308 312 320 336 338 342 348
k=67 S=10818 greedy=10818 isgreedy=1 nopt=1 nodes=684 xlim=175 secs=0.00 A=350
  tuple: 0 2 6 8 12 18 20 26 30 32 36 42 48 50 56 62 68 72 78 86 90 96 98 102 110 116 120 128 132 138 140 146 152 156 158 162 168 176 182 186 188 198 200 210 212 216 230 240 242 246 252 260 266 270 272 278 282 288 306 308 312 320 336 338 342 348 350
k=68 S=11180 greedy=11180 isgreedy=1 nopt=1 nodes=798 xlim=181 secs=0.00 A=356
  tuple: 0 2 6 8 12 18 20 26 30 32 36 42 48 50 56 62 68 72 78 86 90 96 98 102 110 116 120 128 132 138 140 146 152 156 158 162 168 176 182 186 188 198 200 210 212 216 230 240 242 246 252 260 266 270 272 278 282 288 306 308 312 320 336 338 342 348 350 362
k=69 S=11552 greedy=11552 isgreedy=1 nopt=1 nodes=957 xlim=186 secs=0.00 A=366
  tuple: 0 2 6 8 12 18 20 26 30 32 36 42 48 50 56 62 68 72 78 86 90 96 98 102 110 116 120 128 132 138 140 146 152 156 158 162 168 176 182 186 188 198 200 210 212 216 230 240 242 246 252 260 266 270 272 278 282 288 306 308 312 320 336 338 342 348 350 362 372
k=70 S=11932 greedy=11932 isgreedy=1 nopt=1 nodes=1152 xlim=190 secs=0.00 A=370
  tuple: 0 2 6 8 12 18 20 26 30 32 36 42 48 50 56 62 68 72 78 86 90 96 98 102 110 116 120 128 132 138 140 146 152 156 158 162 168 176 182 186 188 198 200 210 212 216 230 240 242 246 252 260 266 270 272 278 282 288 306 308 312 320 336 338 342 348 350 362 372 380
k=71 S=12318 greedy=12318 isgreedy=1 nopt=1 nodes=1377 xlim=193 secs=0.00 A=378
  tuple: 0 2 6 8 12 18 20 26 30 32 36 42 48 50 56 62 68 72 78 86 90 96 98 102 110 116 120 128 132 138 140 146 152 156 158 162 168 176 182 186 188 198 200 210 212 216 230 240 242 246 252 260 266 270 272 278 282 288 306 308 312 320 336 338 342 348 350 362 372 380 386
k=72 S=12710 greedy=12710 isgreedy=1 nopt=1 nodes=1600 xlim=196 secs=0.00 A=384
  tuple: 0 2 6 8 12 18 20 26 30 32 36 42 48 50 56 62 68 72 78 86 90 96 98 102 110 116 120 128 132 138 140 146 152 156 158 162 168 176 182 186 188 198 200 210 212 216 230 240 242 246 252 260 266 270 272 278 282 288 306 308 312 320 336 338 342 348 350 362 372 380 386 392
k=73 S=13106 greedy=13106 isgreedy=1 nopt=1 nodes=1825 xlim=198 secs=0.00 A=390
  tuple: 0 2 6 8 12 18 20 26 30 32 36 42 48 50 56 62 68 72 78 86 90 96 98 102 110 116 120 128 132 138 140 146 152 156 158 162 168 176 182 186 188 198 200 210 212 216 230 240 242 246 252 260 266 270 272 278 282 288 306 308 312 320 336 338 342 348 350 362 372 380 386 392 396
k=74 S=13516 greedy=13516 isgreedy=1 nopt=1 nodes=2510 xlim=205 secs=0.00 A=392
  tuple: 0 2 6 8 12 18 20 26 30 32 36 42 48 50 56 62 68 72 78 86 90 96 98 102 110 116 120 128 132 138 140 146 152 156 158 162 168 176 182 186 188 198 200 210 212 216 230 240 242 246 252 260 266 270 272 278 282 288 306 308 312 320 336 338 342 348 350 362 372 380 386 392 396 410
k=75 S=13936 greedy=13936 isgreedy=1 nopt=1 nodes=3664 xlim=210 secs=0.00 A=398
  tuple: 0 2 6 8 12 18 20 26 30 32 36 42 48 50 56 62 68 72 78 86 90 96 98 102 110 116 120 128 132 138 140 146 152 156 158 162 168 176 182 186 188 198 200 210 212 216 230 240 242 246 252 260 266 270 272 278 282 288 306 308 312 320 336 338 342 348 350 362 372 380 386 392 396 410 420
k=76 S=14358 greedy=14358 isgreedy=1 nopt=1 nodes=4537 xlim=211 secs=0.00 A=410
  tuple: 0 2 6 8 12 18 20 26 30 32 36 42 48 50 56 62 68 72 78 86 90 96 98 102 110 116 120 128 132 138 140 146 152 156 158 162 168 176 182 186 188 198 200 210 212 216 230 240 242 246 252 260 266 270 272 278 282 288 306 308 312 320 336 338 342 348 350 362 372 380 386 392 396 410 420 422
k=77 S=14784 greedy=14784 isgreedy=1 nopt=1 nodes=5065 xlim=213 secs=0.00 A=420
  tuple: 0 2 6 8 12 18 20 26 30 32 36 42 48 50 56 62 68 72 78 86 90 96 98 102 110 116 120 128 132 138 140 146 152 156 158 162 168 176 182 186 188 198 200 210 212 216 230 240 242 246 252 260 266 270 272 278 282 288 306 308 312 320 336 338 342 348 350 362 372 380 386 392 396 410 420 422 426
k=78 S=15212 greedy=15212 isgreedy=1 nopt=1 nodes=5580 xlim=214 secs=0.00 A=422
  tuple: 0 2 6 8 12 18 20 26 30 32 36 42 48 50 56 62 68 72 78 86 90 96 98 102 110 116 120 128 132 138 140 146 152 156 158 162 168 176 182 186 188 198 200 210 212 216 230 240 242 246 252 260 266 270 272 278 282 288 306 308 312 320 336 338 342 348 350 362 372 380 386 392 396 410 420 422 426 428
k=79 S=15650 greedy=15650 isgreedy=1 nopt=1 nodes=6896 xlim=219 secs=0.00 A=426
  tuple: 0 2 6 8 12 18 20 26 30 32 36 42 48 50 56 62 68 72 78 86 90 96 98 102 110 116 120 128 132 138 140 146 152 156 158 162 168 176 182 186 188 198 200 210 212 216 230 240 242 246 252 260 266 270 272 278 282 288 306 308 312 320 336 338 342 348 350 362 372 380 386 392 396 410 420 422 426 428 438
k=80 S=16100 greedy=16100 isgreedy=1 nopt=1 nodes=9015 xlim=225 secs=0.00 A=432
  tuple: 0 2 6 8 12 18 20 26 30 32 36 42 48 50 56 62 68 72 78 86 90 96 98 102 110 116 120 128 132 138 140 146 152 156 158 162 168 176 182 186 188 198 200 210 212 216 230 240 242 246 252 260 266 270 272 278 282 288 306 308 312 320 336 338 342 348 350 362 372 380 386 392 396 410 420 422 426 428 438 450
k=81 S=16552 greedy=16552 isgreedy=1 nopt=1 nodes=10843 xlim=226 secs=0.00 A=438
  tuple: 0 2 6 8 12 18 20 26 30 32 36 42 48 50 56 62 68 72 78 86 90 96 98 102 110 116 120 128 132 138 140 146 152 156 158 162 168 176 182 186 188 198 200 210 212 216 230 240 242 246 252 260 266 270 272 278 282 288 306 308 312 320 336 338 342 348 350 362 372 380 386 392 396 410 420 422 426 428 438 450 452
k=82 S=17014 greedy=17014 isgreedy=1 nopt=1 nodes=13314 xlim=231 secs=0.01 A=446
  tuple: 0 2 6 8 12 18 20 26 30 32 36 42 48 50 56 62 68 72 78 86 90 96 98 102 110 116 120 128 132 138 140 146 152 156 158 162 168 176 182 186 188 198 200 210 212 216 230 240 242 246 252 260 266 270 272 278 282 288 306 308 312 320 336 338 342 348 350 362 372 380 386 392 396 410 420 422 426 428 438 450 452 462
k=83 S=17482 greedy=17482 isgreedy=1 nopt=1 nodes=16550 xlim=234 secs=0.01 A=450
  tuple: 0 2 6 8 12 18 20 26 30 32 36 42 48 50 56 62 68 72 78 86 90 96 98 102 110 116 120 128 132 138 140 146 152 156 158 162 168 176 182 186 188 198 200 210 212 216 230 240 242 246 252 260 266 270 272 278 282 288 306 308 312 320 336 338 342 348 350 362 372 380 386 392 396 410 420 422 426 428 438 450 452 462 468
k=84 S=17952 greedy=17952 isgreedy=1 nopt=1 nodes=20477 xlim=235 secs=0.01 A=452
  tuple: 0 2 6 8 12 18 20 26 30 32 36 42 48 50 56 62 68 72 78 86 90 96 98 102 110 116 120 128 132 138 140 146 152 156 158 162 168 176 182 186 188 198 200 210 212 216 230 240 242 246 252 260 266 270 272 278 282 288 306 308 312 320 336 338 342 348 350 362 372 380 386 392 396 410 420 422 426 428 438 450 452 462 468 470
k=85 S=18428 greedy=18428 isgreedy=1 nopt=1 nodes=24699 xlim=238 secs=0.01 A=462
  tuple: 0 2 6 8 12 18 20 26 30 32 36 42 48 50 56 62 68 72 78 86 90 96 98 102 110 116 120 128 132 138 140 146 152 156 158 162 168 176 182 186 188 198 200 210 212 216 230 240 242 246 252 260 266 270 272 278 282 288 306 308 312 320 336 338 342 348 350 362 372 380 386 392 396 410 420 422 426 428 438 450 452 462 468 470 476
k=86 S=18916 greedy=18916 isgreedy=1 nopt=1 nodes=31254 xlim=244 secs=0.01 A=470
  tuple: 0 2 6 8 12 18 20 26 30 32 36 42 48 50 56 62 68 72 78 86 90 96 98 102 110 116 120 128 132 138 140 146 152 156 158 162 168 176 182 186 188 198 200 210 212 216 230 240 242 246 252 260 266 270 272 278 282 288 306 308 312 320 336 338 342 348 350 362 372 380 386 392 396 410 420 422 426 428 438 450 452 462 468 470 476 488
k=87 S=19408 greedy=19408 isgreedy=1 nopt=1 nodes=38111 xlim=246 secs=0.02 A=476
  tuple: 0 2 6 8 12 18 20 26 30 32 36 42 48 50 56 62 68 72 78 86 90 96 98 102 110 116 120 128 132 138 140 146 152 156 158 162 168 176 182 186 188 198 200 210 212 216 230 240 242 246 252 260 266 270 272 278 282 288 306 308 312 320 336 338 342 348 350 362 372 380 386 392 396 410 420 422 426 428 438 450 452 462 468 470 476 488 492
k=88 S=19906 greedy=19906 isgreedy=1 nopt=1 nodes=45699 xlim=249 secs=0.02 A=482
  tuple: 0 2 6 8 12 18 20 26 30 32 36 42 48 50 56 62 68 72 78 86 90 96 98 102 110 116 120 128 132 138 140 146 152 156 158 162 168 176 182 186 188 198 200 210 212 216 230 240 242 246 252 260 266 270 272 278 282 288 306 308 312 320 336 338 342 348 350 362 372 380 386 392 396 410 420 422 426 428 438 450 452 462 468 470 476 488 492 498
k=89 S=20412 greedy=20412 isgreedy=1 nopt=1 nodes=56525 xlim=253 secs=0.03 A=486
  tuple: 0 2 6 8 12 18 20 26 30 32 36 42 48 50 56 62 68 72 78 86 90 96 98 102 110 116 120 128 132 138 140 146 152 156 158 162 168 176 182 186 188 198 200 210 212 216 230 240 242 246 252 260 266 270 272 278 282 288 306 308 312 320 336 338 342 348 350 362 372 380 386 392 396 410 420 422 426 428 438 450 452 462 468 470 476 488 492 498 506
k=90 S=20922 greedy=20922 isgreedy=1 nopt=1 nodes=66467 xlim=255 secs=0.05 A=494
  tuple: 0 2 6 8 12 18 20 26 30 32 36 42 48 50 56 62 68 72 78 86 90 96 98 102 110 116 120 128 132 138 140 146 152 156 158 162 168 176 182 186 188 198 200 210 212 216 230 240 242 246 252 260 266 270 272 278 282 288 306 308 312 320 336 338 342 348 350 362 372 380 386 392 396 410 420 422 426 428 438 450 452 462 468 470 476 488 492 498 506 510
k=91 S=21434 greedy=21434 isgreedy=1 nopt=1 nodes=71838 xlim=256 secs=0.05 A=504
  tuple: 0 2 6 8 12 18 20 26 30 32 36 42 48 50 56 62 68 72 78 86 90 96 98 102 110 116 120 128 132 138 140 146 152 156 158 162 168 176 182 186 188 198 200 210 212 216 230 240 242 246 252 260 266 270 272 278 282 288 306 308 312 320 336 338 342 348 350 362 372 380 386 392 396 410 420 422 426 428 438 450 452 462 468 470 476 488 492 498 506 510 512
k=92 S=21950 greedy=21950 isgreedy=1 nopt=1 nodes=79330 xlim=258 secs=0.07 A=506
  tuple: 0 2 6 8 12 18 20 26 30 32 36 42 48 50 56 62 68 72 78 86 90 96 98 102 110 116 120 128 132 138 140 146 152 156 158 162 168 176 182 186 188 198 200 210 212 216 230 240 242 246 252 260 266 270 272 278 282 288 306 308 312 320 336 338 342 348 350 362 372 380 386 392 396 410 420 422 426 428 438 450 452 462 468 470 476 488 492 498 506 510 512 516
k=93 S=22474 greedy=22480 isgreedy=0 nopt=1 nodes=89221 xlim=265 secs=0.07 A=512
  tuple: 0 2 6 8 12 18 20 26 30 32 36 42 48 50 56 62 68 72 78 86 90 96 98 102 110 116 120 128 132 138 140 146 152 156 158 162 168 176 182 186 188 198 200 210 212 216 230 240 242 246 252 260 266 270 272 278 288 306 308 312 320 336 338 342 348 350 362 366 372 380 386 392 396 410 420 422 426 428 438 440 450 452 462 468 470 476 488 492 498 506 510 512 516
k=94 S=23004 greedy=23016 isgreedy=0 nopt=1 nodes=101385 xlim=265 secs=0.07 A=516
  tuple: 0 2 6 8 12 18 20 26 30 32 36 42 48 50 56 62 68 72 78 86 90 96 98 102 110 116 120 128 132 138 140 146 152 156 158 162 168 176 182 186 188 198 200 210 212 216 230 240 242 246 252 260 266 270 272 278 288 306 308 312 320 336 338 342 348 350 362 366 372 380 386 392 396 410 420 422 426 428 438 440 450 452 462 468 470 476 488 492 498 506 510 512 516 530
k=95 S=23540 greedy=23564 isgreedy=0 nopt=1 nodes=119634 xlim=268 secs=0.09 A=518
  tuple: 0 2 6 8 12 18 20 26 30 32 36 42 48 50 56 62 68 72 78 86 90 96 98 102 110 116 120 128 132 138 140 146 152 156 158 162 168 176 182 186 188 198 200 210 212 216 230 240 242 246 252 260 266 270 272 278 288 306 308 312 320 336 338 342 348 350 362 366 372 380 386 392 396 410 420 422 426 428 438 440 450 452 462 468 470 476 488 492 498 506 510 512 516 530 536
k=96 S=24088 greedy=24116 isgreedy=0 nopt=1 nodes=142002 xlim=274 secs=0.09 A=530
  tuple: 0 2 6 8 12 18 20 26 30 32 36 42 48 50 56 62 68 72 78 86 90 96 98 102 110 116 120 128 132 138 140 146 152 156 158 162 168 176 182 186 188 198 200 210 212 216 230 240 242 246 252 260 266 270 272 278 288 306 308 312 320 336 338 342 348 350 362 366 372 380 386 392 396 410 420 422 426 428 438 440 450 452 462 468 470 476 488 492 498 506 510 512 516 530 536 548
k=97 S=24640 greedy=24674 isgreedy=0 nopt=1 nodes=165577 xlim=276 secs=0.11 A=536
  tuple: 0 2 6 8 12 18 20 26 30 32 36 42 48 50 56 62 68 72 78 86 90 96 98 102 110 116 120 128 132 138 140 146 152 156 158 162 168 176 182 186 188 198 200 210 212 216 230 240 242 246 252 260 266 270 272 278 288 306 308 312 320 336 338 342 348 350 362 366 372 380 386 392 396 410 420 422 426 428 438 440 450 452 462 468 470 476 488 492 498 506 510 512 516 530 536 548 552
k=98 S=25198 greedy=25246 isgreedy=0 nopt=1 nodes=185582 xlim=279 secs=0.14 A=546
  tuple: 0 2 6 8 12 18 20 26 30 32 36 42 48 50 56 62 68 72 78 86 90 96 98 102 110 116 120 128 132 138 140 146 152 156 158 162 168 176 182 186 188 198 200 210 212 216 230 240 242 246 252 260 266 270 272 278 288 306 308 312 320 336 338 342 348 350 362 366 372 380 386 392 396 410 420 422 426 428 438 440 450 452 462 468 470 476 488 492 498 506 510 512 516 530 536 548 552 558
k=99 S=25770 greedy=25824 isgreedy=0 nopt=1 nodes=225273 xlim=286 secs=0.17 A=552
  tuple: 0 2 6 8 12 18 20 26 30 32 36 42 48 50 56 62 68 72 78 86 90 96 98 102 110 116 120 128 132 138 140 146 152 156 158 162 168 176 182 186 188 198 200 210 212 216 230 240 242 246 252 260 266 270 272 278 288 306 308 312 320 336 338 342 348 350 362 366 372 380 386 392 396 410 420 422 426 428 438 440 450 452 462 468 470 476 488 492 498 506 510 512 516 530 536 548 552 558 572
k=100 S=26352 greedy=26406 isgreedy=0 nopt=1 nodes=280087 xlim=291 secs=0.21 A=558
  tuple: 0 2 6 8 12 18 20 26 30 32 36 42 48 50 56 62 68 72 78 86 90 96 98 102 110 116 120 128 132 138 140 146 152 156 158 162 168 176 182 186 188 198 200 210 212 216 230 240 242 246 252 260 266 270 272 278 288 306 308 312 320 336 338 342 348 350 362 366 372 380 386 392 396 410 420 422 426 428 438 440 450 452 462 468 470 476 488 492 498 506 510 512 516 530 536 548 552 558 572 582
k=101 S=26942 greedy=26996 isgreedy=0 nopt=1 nodes=325282 xlim=295 secs=0.25 A=572
  tuple: 0 2 6 8 12 18 20 26 30 32 36 42 48 50 56 62 68 72 78 86 90 96 98 102 110 116 120 128 132 138 140 146 152 156 158 162 168 176 182 186 188 198 200 210 212 216 230 240 242 246 252 260 266 270 272 278 288 306 308 312 320 336 338 342 348 350 362 366 372 380 386 392 396 410 420 422 426 428 438 440 450 452 462 468 470 476 488 492 498 506 510 512 516 530 536 548 552 558 572 582 590
k=102 S=27538 greedy=27592 isgreedy=0 nopt=1 nodes=380820 xlim=298 secs=0.29 A=576
  tuple: 0 2 6 8 12 18 20 26 30 32 36 42 48 50 56 62 68 72 78 86 90 96 98 102 110 116 120 128 132 138 140 146 152 156 158 162 168 176 182 186 188 198 200 210 212 216 230 240 242 246 252 260 266 270 272 278 288 306 308 312 320 336 338 342 348 350 362 366 372 380 386 392 396 410 420 422 426 428 438 440 450 452 462 468 470 476 488 492 498 506 510 512 516 530 536 548 552 558 572 582 590 596
k=103 S=28138 greedy=28192 isgreedy=0 nopt=1 nodes=453170 xlim=300 secs=0.34 A=578
  tuple: 0 2 6 8 12 18 20 26 30 32 36 42 48 50 56 62 68 72 78 86 90 96 98 102 110 116 120 128 132 138 140 146 152 156 158 162 168 176 182 186 188 198 200 210 212 216 230 240 242 246 252 260 266 270 272 278 288 306 308 312 320 336 338 342 348 350 362 366 372 380 386 392 396 410 420 422 426 428 438 440 450 452 462 468 470 476 488 492 498 506 510 512 516 530 536 548 552 558 572 582 590 596 600
k=104 S=28744 greedy=28798 isgreedy=0 nopt=1 nodes=516288 xlim=303 secs=0.44 A=590
  tuple: 0 2 6 8 12 18 20 26 30 32 36 42 48 50 56 62 68 72 78 86 90 96 98 102 110 116 120 128 132 138 140 146 152 156 158 162 168 176 182 186 188 198 200 210 212 216 230 240 242 246 252 260 266 270 272 278 288 306 308 312 320 336 338 342 348 350 362 366 372 380 386 392 396 410 420 422 426 428 438 440 450 452 462 468 470 476 488 492 498 506 510 512 516 530 536 548 552 558 572 582 590 596 600 606
k=105 S=29352 greedy=29406 isgreedy=0 nopt=1 nodes=552806 xlim=304 secs=0.48 A=600
  tuple: 0 2 6 8 12 18 20 26 30 32 36 42 48 50 56 62 68 72 78 86 90 96 98 102 110 116 120 128 132 138 140 146 152 156 158 162 168 176 182 186 188 198 200 210 212 216 230 240 242 246 252 260 266 270 272 278 288 306 308 312 320 336 338 342 348 350 362 366 372 380 386 392 396 410 420 422 426 428 438 440 450 452 462 468 470 476 488 492 498 506 510 512 516 530 536 548 552 558 572 582 590 596 600 606 608
k=106 S=29970 greedy=30024 isgreedy=0 nopt=1 nodes=628453 xlim=309 secs=0.57 A=602
  tuple: 0 2 6 8 12 18 20 26 30 32 36 42 48 50 56 62 68 72 78 86 90 96 98 102 110 116 120 128 132 138 140 146 152 156 158 162 168 176 182 186 188 198 200 210 212 216 230 240 242 246 252 260 266 270 272 278 288 306 308 312 320 336 338 342 348 350 362 366 372 380 386 392 396 410 420 422 426 428 438 440 450 452 462 468 470 476 488 492 498 506 510 512 516 530 536 548 552 558 572 582 590 596 600 606 608 618
k=107 S=30590 greedy=30644 isgreedy=0 nopt=1 nodes=700959 xlim=310 secs=0.65 A=606
  tuple: 0 2 6 8 12 18 20 26 30 32 36 42 48 50 56 62 68 72 78 86 90 96 98 102 110 116 120 128 132 138 140 146 152 156 158 162 168 176 182 186 188 198 200 210 212 216 230 240 242 246 252 260 266 270 272 278 288 306 308 312 320 336 338 342 348 350 362 366 372 380 386 392 396 410 420 422 426 428 438 440 450 452 462 468 470 476 488 492 498 506 510 512 516 530 536 548 552 558 572 582 590 596 600 606 608 618 620
k=108 S=31220 greedy=31274 isgreedy=0 nopt=1 nodes=800743 xlim=315 secs=0.78 A=612
  tuple: 0 2 6 8 12 18 20 26 30 32 36 42 48 50 56 62 68 72 78 86 90 96 98 102 110 116 120 128 132 138 140 146 152 156 158 162 168 176 182 186 188 198 200 210 212 216 230 240 242 246 252 260 266 270 272 278 288 306 308 312 320 336 338 342 348 350 362 366 372 380 386 392 396 410 420 422 426 428 438 440 450 452 462 468 470 476 488 492 498 506 510 512 516 530 536 548 552 558 572 582 590 596 600 606 608 618 620 630
k=109 S=31862 greedy=31916 isgreedy=0 nopt=2 nodes=963582 xlim=321 secs=0.94 A=616
  tuple: 0 2 6 8 12 18 20 26 30 32 36 42 48 50 56 62 68 72 78 86 90 96 98 102 110 116 120 128 132 138 140 146 152 156 158 162 168 176 182 186 188 198 200 210 212 216 230 240 242 246 252 260 266 270 272 278 288 306 308 312 320 336 338 342 348 350 362 366 372 380 386 392 396 410 420 422 426 428 438 440 450 452 462 468 470 476 488 492 498 506 510 512 516 530 536 548 552 558 572 582 590 596 600 606 608 618 620 630 642
  tuple: 0 4 6 10 16 18 24 28 30 34 40 46 48 54 60 66 70 76 84 88 94 96 100 108 114 118 126 130 136 138 144 150 154 156 160 166 174 180 184 186 196 198 208 210 214 228 238 240 244 250 258 264 268 270 276 280 286 304 306 310 318 334 336 340 346 348 360 364 370 378 384 390 394 408 418 420 424 426 436 438 448 450 460 466 468 474 486 490 496 504 508 510 514 528 534 546 550 556 570 576 580 588 594 598 604 606 616 618 628
k=110 S=32502 greedy=32564 isgreedy=0 nopt=1 nodes=1047054 xlim=320 secs=1.00 A=628
  tuple: 0 4 6 10 16 18 24 28 30 34 40 46 48 54 60 66 70 76 84 88 94 96 100 108 114 118 126 130 136 138 144 150 154 156 160 166 174 180 184 186 196 198 208 210 214 228 238 240 244 250 258 264 268 270 276 280 286 304 306 310 318 334 336 340 346 348 360 364 370 378 384 390 394 408 418 420 424 426 436 438 448 450 460 466 468 474 486 490 496 504 508 510 514 528 534 546 550 556 570 576 580 588 594 598 604 606 616 618 628 640
k=111 S=33148 greedy=33214 isgreedy=0 nopt=1 nodes=1134298 xlim=323 secs=1.03 A=634
  tuple: 0 4 6 10 16 18 24 28 30 34 40 46 48 54 60 66 70 76 84 88 94 96 100 108 114 118 126 130 136 138 144 150 154 156 160 166 174 180 184 186 196 198 208 210 214 228 238 240 244 250 258 264 268 270 276 280 286 304 306 310 318 334 336 340 346 348 360 364 370 378 384 390 394 408 418 420 424 426 436 438 448 450 460 466 468 474 486 490 496 504 508 510 514 528 534 546 550 556 570 576 580 588 594 598 604 606 616 618 628 640 646
k=112 S=33796 greedy=33870 isgreedy=0 nopt=1 nodes=1195516 xlim=324 secs=1.02 A=640
  tuple: 0 4 6 10 16 18 24 28 30 34 40 46 48 54 60 66 70 76 84 88 94 96 100 108 114 118 126 130 136 138 144 150 154 156 160 166 174 180 184 186 196 198 208 210 214 228 238 240 244 250 258 264 268 270 276 280 286 304 306 310 318 334 336 340 346 348 360 364 370 378 384 390 394 408 418 420 424 426 436 438 448 450 460 466 468 474 486 490 496 504 508 510 514 528 534 546 550 556 570 576 580 588 594 598 604 606 616 618 628 640 646 648
k=113 S=34450 greedy=34530 isgreedy=0 nopt=1 nodes=1259107 xlim=327 secs=0.99 A=646
  tuple: 0 4 6 10 16 18 24 28 30 34 40 46 48 54 60 66 70 76 84 88 94 96 100 108 114 118 126 130 136 138 144 150 154 156 160 166 174 180 184 186 196 198 208 210 214 228 238 240 244 250 258 264 268 270 276 280 286 304 306 310 318 334 336 340 346 348 360 364 370 378 384 390 394 408 418 420 424 426 436 438 448 450 460 466 468 474 486 490 496 504 508 510 514 528 534 546 550 556 570 576 580 588 594 598 604 606 616 618 628 640 646 648 654
k=114 S=35108 greedy=35202 isgreedy=0 nopt=1 nodes=1291816 xlim=329 secs=0.99 A=654
  tuple: 0 4 6 10 16 18 24 28 30 34 40 46 48 54 60 66 70 76 84 88 94 96 100 108 114 118 126 130 136 138 144 150 154 156 160 166 174 180 184 186 196 198 208 210 214 228 238 240 244 250 258 264 268 270 276 280 286 304 306 310 318 334 336 340 346 348 360 364 370 378 384 390 394 408 418 420 424 426 436 438 448 450 460 466 468 474 486 490 496 504 508 510 514 528 534 546 550 556 570 576 580 588 594 598 604 606 616 618 628 640 646 648 654 658
k=115 S=35768 greedy=35882 isgreedy=0 nopt=1 nodes=1324851 xlim=330 secs=1.04 A=656
  tuple: 0 4 6 10 16 18 24 28 30 34 40 46 48 54 60 66 70 76 84 88 94 96 100 108 114 118 126 130 136 138 144 150 154 156 160 166 174 180 184 186 196 198 208 210 214 228 238 240 244 250 258 264 268 270 276 280 286 304 306 310 318 334 336 340 346 348 360 364 370 378 384 390 394 408 418 420 424 426 436 438 448 450 460 466 468 474 486 490 496 504 508 510 514 528 534 546 550 556 570 576 580 588 594 598 604 606 616 618 628 640 646 648 654 658 660
k=116 S=36438 greedy=36568 isgreedy=0 nopt=1 nodes=1393725 xlim=335 secs=1.06 A=662
  tuple: 0 4 6 10 16 18 24 28 30 34 40 46 48 54 60 66 70 76 84 88 94 96 100 108 114 118 126 130 136 138 144 150 154 156 160 166 174 180 184 186 196 198 208 210 214 228 238 240 244 250 258 264 268 270 276 280 286 304 306 310 318 334 336 340 346 348 360 364 370 378 384 390 394 408 418 420 424 426 436 438 448 450 460 466 468 474 486 490 496 504 508 510 514 528 534 546 550 556 570 576 580 588 594 598 604 606 616 618 628 640 646 648 654 658 660 670
k=117 S=37116 greedy=37270 isgreedy=0 nopt=1 nodes=1447104 xlim=339 secs=1.16 A=672
  tuple: 0 4 6 10 16 18 24 28 30 34 40 46 48 54 60 66 70 76 84 88 94 96 100 108 114 118 126 130 136 138 144 150 154 156 160 166 174 180 184 186 196 198 208 210 214 228 238 240 244 250 258 264 268 270 276 280 286 304 306 310 318 334 336 340 346 348 360 364 370 378 384 390 394 408 418 420 424 426 436 438 448 450 460 466 468 474 486 490 496 504 508 510 514 528 534 546 550 556 570 576 580 588 594 598 604 606 616 618 628 640 646 648 654 658 660 670 678
k=118 S=37800 greedy=37978 isgreedy=0 nopt=1 nodes=1484069 xlim=342 secs=1.13 A=680
  tuple: 0 4 6 10 16 18 24 28 30 34 40 46 48 54 60 66 70 76 84 88 94 96 100 108 114 118 126 130 136 138 144 150 154 156 160 166 174 180 184 186 196 198 208 210 214 228 238 240 244 250 258 264 268 270 276 280 286 304 306 310 318 334 336 340 346 348 360 364 370 378 384 390 394 408 418 420 424 426 436 438 448 450 460 466 468 474 486 490 496 504 508 510 514 528 534 546 550 556 570 576 580 588 594 598 604 606 616 618 628 640 646 648 654 658 660 670 678 684
k=119 S=38500 greedy=38700 isgreedy=0 nopt=1 nodes=1621981 xlim=350 secs=1.25 A=686
  tuple: 0 4 6 10 16 18 24 28 30 34 40 46 48 54 60 66 70 76 84 88 94 96 100 108 114 118 126 130 136 138 144 150 154 156 160 166 174 180 184 186 196 198 208 210 214 228 238 240 244 250 258 264 268 270 276 280 286 304 306 310 318 334 336 340 346 348 360 364 370 378 384 390 394 408 418 420 424 426 436 438 448 450 460 466 468 474 486 490 496 504 508 510 514 528 534 546 550 556 570 576 580 588 594 598 604 606 616 618 628 640 646 648 654 658 660 670 678 684 700
k=120 S=39206 greedy=39426 isgreedy=0 nopt=1 nodes=1773823 xlim=353 secs=1.37 A=692
  tuple: 0 4 6 10 16 18 24 28 30 34 40 46 48 54 60 66 70 76 84 88 94 96 100 108 114 118 126 130 136 138 144 150 154 156 160 166 174 180 184 186 196 198 208 210 214 228 238 240 244 250 258 264 268 270 276 280 286 304 306 310 318 334 336 340 346 348 360 364 370 378 384 390 394 408 418 420 424 426 436 438 448 450 460 466 468 474 486 490 496 504 508 510 514 528 534 546 550 556 570 576 580 588 594 598 604 606 616 618 628 640 646 648 654 658 660 670 678 684 700 706
k=121 S=39926 greedy=40158 isgreedy=0 nopt=1 nodes=2294137 xlim=360 secs=1.87 A=702
  tuple: 0 4 6 10 16 18 24 28 30 34 40 46 48 54 60 66 70 76 84 88 94 96 100 108 114 118 126 130 136 138 144 150 154 156 160 166 174 180 184 186 196 198 208 210 214 228 238 240 244 250 258 264 268 270 276 280 286 304 306 310 318 334 336 340 346 348 360 364 370 378 384 390 394 408 418 420 424 426 436 438 448 450 460 466 468 474 486 490 496 504 508 510 514 528 534 546 550 556 570 576 580 588 594 598 604 606 616 618 628 640 646 648 654 658 660 670 678 684 700 706 720
k=122 S=40650 greedy=40898 isgreedy=0 nopt=1 nodes=2316603 xlim=362 secs=1.99 A=708
  tuple: 0 4 6 10 16 18 24 28 30 34 40 46 48 54 60 66 70 76 84 88 94 96 100 108 114 118 126 130 136 138 144 150 154 156 160 166 174 180 184 186 196 198 208 210 214 228 238 240 244 250 258 264 268 270 276 280 286 304 306 310 318 334 336 340 346 348 360 364 370 378 384 390 394 408 418 420 424 426 436 438 448 450 460 466 468 474 486 490 496 504 508 510 514 528 534 546 550 556 570 576 580 588 594 598 604 606 616 618 628 640 646 648 654 658 660 670 678 684 700 706 720 724
k=123 S=41380 greedy=41644 isgreedy=0 nopt=1 nodes=2669413 xlim=365 secs=2.19 A=714
  tuple: 0 4 6 10 16 18 24 28 30 34 40 46 48 54 60 66 70 76 84 88 94 96 100 108 114 118 126 130 136 138 144 150 154 156 160 166 174 180 184 186 196 198 208 210 214 228 238 240 244 250 258 264 268 270 276 280 286 304 306 310 318 334 336 340 346 348 360 364 370 378 384 390 394 408 418 420 424 426 436 438 448 450 460 466 468 474 486 490 496 504 508 510 514 528 534 546 550 556 570 576 580 588 594 598 604 606 616 618 628 640 646 648 654 658 660 670 678 684 700 706 720 724 730
k=124 S=42124 greedy=42400 isgreedy=0 nopt=1 nodes=3865860 xlim=372 secs=3.03 A=722
  tuple: 0 4 6 10 16 18 24 28 30 34 40 46 48 54 60 66 70 76 84 88 94 96 100 108 114 118 126 130 136 138 144 150 154 156 160 166 174 180 184 186 196 198 208 210 214 228 238 240 244 250 258 264 268 270 276 280 286 304 306 310 318 334 336 340 346 348 360 364 370 378 384 390 394 408 418 420 424 426 436 438 448 450 460 466 468 474 486 490 496 504 508 510 514 528 534 546 550 556 570 576 580 588 594 598 604 606 616 618 628 640 646 648 654 658 660 670 678 684 700 706 720 724 730 744
k=125 S=42878 greedy=43158 isgreedy=0 nopt=1 nodes=4691542 xlim=377 secs=3.95 A=732
  tuple: 0 4 6 10 16 18 24 28 30 34 40 46 48 54 60 66 70 76 84 88 94 96 100 108 114 118 126 130 136 138 144 150 154 156 160 166 174 180 184 186 196 198 208 210 214 228 238 240 244 250 258 264 268 270 276 280 286 304 306 310 318 334 336 340 346 348 360 364 370 378 384 390 394 408 418 420 424 426 436 438 448 450 460 466 468 474 486 490 496 504 508 510 514 528 534 546 550 556 570 576 580 588 594 598 604 606 616 618 628 640 646 648 654 658 660 670 678 684 700 706 720 724 730 744 754
k=126 S=43634 greedy=43920 isgreedy=0 nopt=1 nodes=5451743 xlim=378 secs=4.66 A=740
  tuple: 0 4 6 10 16 18 24 28 30 34 40 46 48 54 60 66 70 76 84 88 94 96 100 108 114 118 126 130 136 138 144 150 154 156 160 166 174 180 184 186 196 198 208 210 214 228 238 240 244 250 258 264 268 270 276 280 286 304 306 310 318 334 336 340 346 348 360 364 370 378 384 390 394 408 418 420 424 426 436 438 448 450 460 466 468 474 486 490 496 504 508 510 514 528 534 546 550 556 570 576 580 588 594 598 604 606 616 618 628 640 646 648 654 658 660 670 678 684 700 706 720 724 730 744 754 756
k=127 S=44394 greedy=44696 isgreedy=0 nopt=1 nodes=6244851 xlim=380 secs=4.62 A=746
  tuple: 0 4 6 10 16 18 24 28 30 34 40 46 48 54 60 66 70 76 84 88 94 96 100 108 114 118 126 130 136 138 144 150 154 156 160 166 174 180 184 186 196 198 208 210 214 228 238 240 244 250 258 264 268 270 276 280 286 304 306 310 318 334 336 340 346 348 360 364 370 378 384 390 394 408 418 420 424 426 436 438 448 450 460 466 468 474 486 490 496 504 508 510 514 528 534 546 550 556 570 576 580 588 594 598 604 606 616 618 628 640 646 648 654 658 660 670 678 684 700 706 720 724 730 744 754 756 760
k=128 S=45168 greedy=45478 isgreedy=0 nopt=1 nodes=7698540 xlim=387 secs=5.72 A=750
  tuple: 0 4 6 10 16 18 24 28 30 34 40 46 48 54 60 66 70 76 84 88 94 96 100 108 114 118 126 130 136 138 144 150 154 156 160 166 174 180 184 186 196 198 208 210 214 228 238 240 244 250 258 264 268 270 276 280 286 304 306 310 318 334 336 340 346 348 360 364 370 378 384 390 394 408 418 420 424 426 436 438 448 450 460 466 468 474 486 490 496 504 508 510 514 528 534 546 550 556 570 576 580 588 594 598 604 606 616 618 628 640 646 648 654 658 660 670 678 684 700 706 720 724 730 744 754 756 760 774
k=129 S=45948 greedy=46276 isgreedy=0 nopt=1 nodes=9120438 xlim=390 secs=6.31 A=760
  tuple: 0 4 6 10 16 18 24 28 30 34 40 46 48 54 60 66 70 76 84 88 94 96 100 108 114 118 126 130 136 138 144 150 154 156 160 166 174 180 184 186 196 198 208 210 214 228 238 240 244 250 258 264 268 270 276 280 286 304 306 310 318 334 336 340 346 348 360 364 370 378 384 390 394 408 418 420 424 426 436 438 448 450 460 466 468 474 486 490 496 504 508 510 514 528 534 546 550 556 570 576 580 588 594 598 604 606 616 618 628 640 646 648 654 658 660 670 678 684 700 706 720 724 730 744 754 756 760 774 780
k=130 S=46744 greedy=47076 isgreedy=0 nopt=1 nodes=11118940 xlim=398 secs=7.32 A=768
  tuple: 0 4 6 10 16 18 24 28 30 34 40 46 48 54 60 66 70 76 84 88 94 96 100 108 114 118 126 130 136 138 144 150 154 156 160 166 174 180 184 186 196 198 208 210 214 228 238 240 244 250 258 264 268 270 276 280 286 304 306 310 318 334 336 340 346 348 360 364 370 378 384 390 394 408 418 420 424 426 436 438 448 450 460 466 468 474 486 490 496 504 508 510 514 528 534 546 550 556 570 576 580 588 594 598 604 606 616 618 628 640 646 648 654 658 660 670 678 684 700 706 720 724 730 744 754 756 760 774 780 796
k=131 S=47542 greedy=47888 isgreedy=0 nopt=1 nodes=12910495 xlim=399 secs=7.87 A=774
  tuple: 0 4 6 10 16 18 24 28 30 34 40 46 48 54 60 66 70 76 84 88 94 96 100 108 114 118 126 130 136 138 144 150 154 156 160 166 174 180 184 186 196 198 208 210 214 228 238 240 244 250 258 264 268 270 276 280 286 304 306 310 318 334 336 340 346 348 360 364 370 378 384 390 394 408 418 420 424 426 436 438 448 450 460 466 468 474 486 490 496 504 508 510 514 528 534 546 550 556 570 576 580 588 594 598 604 606 616 618 628 640 646 648 654 658 660 670 678 684 700 706 720 724 730 744 754 756 760 774 780 796 798
k=132 S=48348 greedy=48706 isgreedy=0 nopt=1 nodes=15128732 xlim=404 secs=8.72 A=780
  tuple: 0 2 6 12 14 20 24 26 30 36 42 44 50 56 62 66 72 80 84 90 92 96 104 110 114 122 126 132 134 140 146 150 152 156 162 170 176 180 182 192 194 204 206 210 224 234 236 240 246 254 260 264 266 272 276 282 300 302 306 314 330 332 336 342 344 356 360 366 374 380 386 390 404 414 416 420 422 432 434 444 446 456 462 464 470 482 486 492 500 504 506 510 524 530 540 542 546 552 566 572 576 584 590 594 600 602 612 614 624 636 642 644 650 654 656 666 674 680 696 702 716 720 726 740 750 752 756 770 776 786 792 794
k=133 S=49152 greedy=49534 isgreedy=0 nopt=1 nodes=17048490 xlim=402 secs=13.74 A=784
  tuple: 0 2 6 12 14 20 24 26 30 36 42 44 50 56 62 66 72 80 84 90 92 96 104 110 114 122 126 132 134 140 146 150 152 156 162 170 176 180 182 192 194 204 206 210 224 234 236 240 246 254 260 264 266 272 276 282 300 302 306 314 330 332 336 342 344 356 360 366 374 380 386 390 404 414 416 420 422 432 434 444 446 456 462 464 470 482 486 492 500 504 506 510 524 530 540 542 546 552 566 572 576 584 590 594 600 602 612 614 624 636 642 644 650 654 656 666 674 680 696 702 716 720 726 740 750 752 756 770 776 786 792 794 804
k=134 S=49958 greedy=50376 isgreedy=0 nopt=1 nodes=18459491 xlim=403 secs=14.87 A=794
  tuple: 0 2 6 12 14 20 24 26 30 36 42 44 50 56 62 66 72 80 84 90 92 96 104 110 114 122 126 132 134 140 146 150 152 156 162 170 176 180 182 192 194 204 206 210 224 234 236 240 246 254 260 264 266 272 276 282 300 302 306 314 330 332 336 342 344 356 360 366 374 380 386 390 404 414 416 420 422 432 434 444 446 456 462 464 470 482 486 492 500 504 506 510 524 530 540 542 546 552 566 572 576 584 590 594 600 602 612 614 624 636 642 644 650 654 656 666 674 680 696 702 716 720 726 740 750 752 756 770 776 786 792 794 804 806
k=135 S=50770 greedy=51224 isgreedy=0 nopt=1 nodes=19592936 xlim=406 secs=14.89 A=804
  tuple: 0 2 6 12 14 20 24 26 30 36 42 44 50 56 62 66 72 80 84 90 92 96 104 110 114 122 126 132 134 140 146 150 152 156 162 170 176 180 182 192 194 204 206 210 224 234 236 240 246 254 260 264 266 272 276 282 300 302 306 314 330 332 336 342 344 356 360 366 374 380 386 390 404 414 416 420 422 432 434 444 446 456 462 464 470 482 486 492 500 504 506 510 524 530 540 542 546 552 566 572 576 584 590 594 600 602 612 614 624 636 642 644 650 654 656 666 674 680 696 702 716 720 726 740 750 752 756 770 776 786 792 794 804 806 812
k=136 S=51592 greedy=52082 isgreedy=0 nopt=1 nodes=21688123 xlim=411 secs=16.32 A=808
  tuple: 0 2 6 12 14 20 24 26 30 36 42 44 50 56 62 66 72 80 84 90 92 96 104 110 114 122 126 132 134 140 146 150 152 156 162 170 176 180 182 192 194 204 206 210 224 234 236 240 246 254 260 264 266 272 276 282 300 302 306 314 330 332 336 342 344 356 360 366 374 380 386 390 404 414 416 420 422 432 434 444 446 456 462 464 470 482 486 492 500 504 506 510 524 530 540 542 546 552 566 572 576 584 590 594 600 602 612 614 624 636 642 644 650 654 656 666 674 680 696 702 716 720 726 740 750 752 756 770 776 786 792 794 804 806 812 822
k=137 S=52428 greedy=52942 isgreedy=0 nopt=1 nodes=25639653 xlim=418 secs=15.37 A=812
  tuple: 0 2 6 12 14 20 24 26 30 36 42 44 50 56 62 66 72 80 84 90 92 96 104 110 114 122 126 132 134 140 146 150 152 156 162 170 176 180 182 192 194 204 206 210 224 234 236 240 246 254 260 264 266 272 276 282 300 302 306 314 330 332 336 342 344 356 360 366 374 380 386 390 404 414 416 420 422 432 434 444 446 456 462 464 470 482 486 492 500 504 506 510 524 530 540 542 546 552 566 572 576 584 590 594 600 602 612 614 624 636 642 644 650 654 656 666 674 680 696 702 716 720 726 740 750 752 756 770 776 786 792 794 804 806 812 822 836
k=138 S=53270 greedy=53812 isgreedy=0 nopt=1 nodes=30354420 xlim=421 secs=17.84 A=816
  tuple: 0 2 6 12 14 20 24 26 30 36 42 44 50 56 62 66 72 80 84 90 92 96 104 110 114 122 126 132 134 140 146 150 152 156 162 170 176 180 182 192 194 204 206 210 224 234 236 240 246 254 260 264 266 272 276 282 300 302 306 314 330 332 336 342 344 356 360 366 374 380 386 390 404 414 416 420 422 432 434 444 446 456 462 464 470 482 486 492 500 504 506 510 524 530 540 542 546 552 566 572 576 584 590 594 600 602 612 614 624 636 642 644 650 654 656 666 674 680 696 702 716 720 726 740 750 752 756 770 776 786 792 794 804 806 812 822 836 842
k=139 S=54122 greedy=54688 isgreedy=0 nopt=1 nodes=37344403 xlim=426 secs=21.76 A=818
  tuple: 0 2 6 12 14 20 24 26 30 36 42 44 50 56 62 66 72 80 84 90 92 96 104 110 114 122 126 132 134 140 146 150 152 156 162 170 176 180 182 192 194 204 206 210 224 234 236 240 246 254 260 264 266 272 276 282 300 302 306 314 330 332 336 342 344 356 360 366 374 380 386 390 404 414 416 420 422 432 434 444 446 456 462 464 470 482 486 492 500 504 506 510 524 530 540 542 546 552 566 572 576 584 590 594 600 602 612 614 624 636 642 644 650 654 656 666 674 680 696 702 716 720 726 740 750 752 756 770 776 786 792 794 804 806 812 822 836 842 852
k=140 S=54976 greedy=55570 isgreedy=0 nopt=1 nodes=43505975 xlim=427 secs=26.39 A=828
  tuple: 0 2 6 12 14 20 24 26 30 36 42 44 50 56 62 66 72 80 84 90 92 96 104 110 114 122 126 132 134 140 146 150 152 156 162 170 176 180 182 192 194 204 206 210 224 234 236 240 246 254 260 264 266 272 276 282 300 302 306 314 330 332 336 342 344 356 360 366 374 380 386 390 404 414 416 420 422 432 434 444 446 456 462 464 470 482 486 492 500 504 506 510 524 530 540 542 546 552 566 572 576 584 590 594 600 602 612 614 624 636 642 644 650 654 656 666 674 680 696 702 716 720 726 740 750 752 756 770 776 786 792 794 804 806 812 822 836 842 852 854
k=141 S=55840 greedy=56458 isgreedy=0 nopt=1 nodes=49918636 xlim=432 secs=31.13 A=840
  tuple: 0 2 6 12 14 20 24 26 30 36 42 44 50 56 62 66 72 80 84 90 92 96 104 110 114 122 126 132 134 140 146 150 152 156 162 170 176 180 182 192 194 204 206 210 224 234 236 240 246 254 260 264 266 272 276 282 300 302 306 314 330 332 336 342 344 356 360 366 374 380 386 390 404 414 416 420 422 432 434 444 446 456 462 464 470 482 486 492 500 504 506 510 524 530 540 542 546 552 566 572 576 584 590 594 600 602 612 614 624 636 642 644 650 654 656 666 674 680 696 702 716 720 726 740 750 752 756 770 776 786 792 794 804 806 812 822 836 842 852 854 864
k=142 S=56710 greedy=57348 isgreedy=0 nopt=1 nodes=58362612 xlim=435 secs=35.52 A=842
  tuple: 0 2 6 12 14 20 24 26 30 36 42 44 50 56 62 66 72 80 84 90 92 96 104 110 114 122 126 132 134 140 146 150 152 156 162 170 176 180 182 192 194 204 206 210 224 234 236 240 246 254 260 264 266 272 276 282 300 302 306 314 330 332 336 342 344 356 360 366 374 380 386 390 404 414 416 420 422 432 434 444 446 456 462 464 470 482 486 492 500 504 506 510 524 530 540 542 546 552 566 572 576 584 590 594 600 602 612 614 624 636 642 644 650 654 656 666 674 680 696 702 716 720 726 740 750 752 756 770 776 786 792 794 804 806 812 822 836 842 852 854 864 870
k=143 S=57586 greedy=58248 isgreedy=0 nopt=1 nodes=68096104 xlim=438 secs=44.97 A=848
  tuple: 0 2 6 12 14 20 24 26 30 36 42 44 50 56 62 66 72 80 84 90 92 96 104 110 114 122 126 132 134 140 146 150 152 156 162 170 176 180 182 192 194 204 206 210 224 234 236 240 246 254 260 264 266 272 276 282 300 302 306 314 330 332 336 342 344 356 360 366 374 380 386 390 404 414 416 420 422 432 434 444 446 456 462 464 470 482 486 492 500 504 506 510 524 530 540 542 546 552 566 572 576 584 590 594 600 602 612 614 624 636 642 644 650 654 656 666 674 680 696 702 716 720 726 740 750 752 756 770 776 786 792 794 804 806 812 822 836 842 852 854 864 870 876
k=144 S=58470 greedy=59160 isgreedy=0 nopt=1 nodes=79630722 xlim=442 secs=54.24 A=856
  tuple: 0 2 6 12 14 20 24 26 30 36 42 44 50 56 62 66 72 80 84 90 92 96 104 110 114 122 126 132 134 140 146 150 152 156 162 170 176 180 182 192 194 204 206 210 224 234 236 240 246 254 260 264 266 272 276 282 300 302 306 314 330 332 336 342 344 356 360 366 374 380 386 390 404 414 416 420 422 432 434 444 446 456 462 464 470 482 486 492 500 504 506 510 524 530 540 542 546 552 566 572 576 584 590 594 600 602 612 614 624 636 642 644 650 654 656 666 674 680 696 702 716 720 726 740 750 752 756 770 776 786 792 794 804 806 812 822 836 842 852 854 864 870 876 884
