k=1 S=0 greedy=0 isgreedy=1 nopt=1 nodes=1 xlim=1 secs=0.00
  tuple: 0
k=2 S=2 greedy=2 isgreedy=1 nopt=1 nodes=2 xlim=1 secs=0.00
  tuple: 0 2
k=3 S=8 greedy=8 isgreedy=1 nopt=1 nodes=3 xlim=3 secs=0.00
  tuple: 0 2 6
k=4 S=16 greedy=16 isgreedy=1 nopt=1 nodes=4 xlim=4 secs=0.00
  tuple: 0 2 6 8
k=5 S=28 greedy=28 isgreedy=1 nopt=1 nodes=5 xlim=6 secs=0.00
  tuple: 0 2 6 8 12
k=6 S=46 greedy=46 isgreedy=1 nopt=1 nodes=6 xlim=9 secs=0.00
  tuple: 0 2 6 8 12 18
k=7 S=66 greedy=66 isgreedy=1 nopt=1 nodes=7 xlim=10 secs=0.00
  tuple: 0 2 6 8 12 18 20
k=8 S=92 greedy=92 isgreedy=1 nopt=1 nodes=8 xlim=13 secs=0.00
  tuple: 0 2 6 8 12 18 20 26
k=9 S=122 greedy=122 isgreedy=1 nopt=1 nodes=9 xlim=15 secs=0.00
  tuple: 0 2 6 8 12 18 20 26 30
k=10 S=154 greedy=154 isgreedy=1 nopt=1 nodes=10 xlim=16 secs=0.00
  tuple: 0 2 6 8 12 18 20 26 30 32
k=11 S=190 greedy=190 isgreedy=1 nopt=1 nodes=11 xlim=18 secs=0.00
  tuple: 0 2 6 8 12 18 20 26 30 32 36
k=12 S=232 greedy=232 isgreedy=1 nopt=1 nodes=12 xlim=21 secs=0.00
  tuple: 0 2 6 8 12 18 20 26 30 32 36 42
k=13 S=280 greedy=280 isgreedy=1 nopt=1 nodes=19 xlim=24 secs=0.00
  tuple: 0 2 6 8 12 18 20 26 30 32 36 42 48
k=14 S=330 greedy=330 isgreedy=1 nopt=1 nodes=17 xlim=25 secs=0.00
  tuple: 0 2 6 8 12 18 20 26 30 32 36 42 48 50
k=15 S=386 greedy=386 isgreedy=1 nopt=1 nodes=30 xlim=28 secs=0.00
  tuple: 0 2 6 8 12 18 20 26 30 32 36 42 48 50 56
k=16 S=448 greedy=448 isgreedy=1 nopt=1 nodes=36 xlim=31 secs=0.00
  tuple: 0 2 6 8 12 18 20 26 30 32 36 42 48 50 56 62
k=17 S=516 greedy=516 isgreedy=1 nopt=1 nodes=42 xlim=34 secs=0.00
  tuple: 0 2 6 8 12 18 20 26 30 32 36 42 48 50 56 62 68
k=18 S=588 greedy=588 isgreedy=1 nopt=1 nodes=43 xlim=36 secs=0.00
  tuple: 0 2 6 8 12 18 20 26 30 32 36 42 48 50 56 62 68 72
k=19 S=666 greedy=666 isgreedy=1 nopt=1 nodes=48 xlim=39 secs=0.00
  tuple: 0 2 6 8 12 18 20 26 30 32 36 42 48 50 56 62 68 72 78
k=20 S=752 greedy=752 isgreedy=1 nopt=1 nodes=59 xlim=43 secs=0.00
  tuple: 0 2 6 8 12 18 20 26 30 32 36 42 48 50 56 62 68 72 78 86
k=21 S=842 greedy=842 isgreedy=1 nopt=1 nodes=82 xlim=45 secs=0.00
  tuple: 0 2 6 8 12 18 20 26 30 32 36 42 48 50 56 62 68 72 78 86 90
k=22 S=938 greedy=938 isgreedy=1 nopt=1 nodes=86 xlim=48 secs=0.00
  tuple: 0 2 6 8 12 18 20 26 30 32 36 42 48 50 56 62 68 72 78 86 90 96
k=23 S=1036 greedy=1036 isgreedy=1 nopt=1 nodes=94 xlim=49 secs=0.00
  tuple: 0 2 6 8 12 18 20 26 30 32 36 42 48 50 56 62 68 72 78 86 90 96 98
k=24 S=1138 greedy=1138 isgreedy=1 nopt=1 nodes=98 xlim=51 secs=0.00
  tuple: 0 2 6 8 12 18 20 26 30 32 36 42 48 50 56 62 68 72 78 86 90 96 98 102
k=25 S=1248 greedy=1248 isgreedy=1 nopt=1 nodes=120 xlim=55 secs=0.00
  tuple: 0 2 6 8 12 18 20 26 30 32 36 42 48 50 56 62 68 72 78 86 90 96 98 102 110
k=26 S=1364 greedy=1364 isgreedy=1 nopt=1 nodes=145 xlim=58 secs=0.00
  tuple: 0 2 6 8 12 18 20 26 30 32 36 42 48 50 56 62 68 72 78 86 90 96 98 102 110 116
k=27 S=1484 greedy=1484 isgreedy=1 nopt=1 nodes=177 xlim=60 secs=0.00
  tuple: 0 2 6 8 12 18 20 26 30 32 36 42 48 50 56 62 68 72 78 86 90 96 98 102 110 116 120
k=28 S=1612 greedy=1612 isgreedy=1 nopt=1 nodes=204 xlim=64 secs=0.00
  tuple: 0 2 6 8 12 18 20 26 30 32 36 42 48 50 56 62 68 72 78 86 90 96 98 102 110 116 120 128
k=29 S=1744 greedy=1744 isgreedy=1 nopt=1 nodes=223 xlim=66 secs=0.00
  tuple: 0 2 6 8 12 18 20 26 30 32 36 42 48 50 56 62 68 72 78 86 90 96 98 102 110 116 120 128 132
k=30 S=1882 greedy=1882 isgreedy=1 nopt=1 nodes=257 xlim=69 secs=0.00
  tuple: 0 2 6 8 12 18 20 26 30 32 36 42 48 50 56 62 68 72 78 86 90 96 98 102 110 116 120 128 132 138
k=31 S=2022 greedy=2022 isgreedy=1 nopt=1 nodes=279 xlim=70 secs=0.00
  tuple: 0 2 6 8 12 18 20 26 30 32 36 42 48 50 56 62 68 72 78 86 90 96 98 102 110 116 120 128 132 138 140
k=32 S=2168 greedy=2168 isgreedy=1 nopt=1 nodes=305 xlim=73 secs=0.00
  tuple: 0 2 6 8 12 18 20 26 30 32 36 42 48 50 56 62 68 72 78 86 90 96 98 102 110 116 120 128 132 138 140 146
k=33 S=2320 greedy=2320 isgreedy=1 nopt=1 nodes=325 xlim=76 secs=0.00
  tuple: 0 2 6 8 12 18 20 26 30 32 36 42 48 50 56 62 68 72 78 86 90 96 98 102 110 116 120 128 132 138 140 146 152
k=34 S=2476 greedy=2476 isgreedy=1 nopt=1 nodes=358 xlim=78 secs=0.00
  tuple: 0 2 6 8 12 18 20 26 30 32 36 42 48 50 56 62 68 72 78 86 90 96 98 102 110 116 120 128 132 138 140 146 152 156
k=35 S=2634 greedy=2634 isgreedy=1 nopt=1 nodes=372 xlim=79 secs=0.00
  tuple: 0 2 6 8 12 18 20 26 30 32 36 42 48 50 56 62 68 72 78 86 90 96 98 102 110 116 120 128 132 138 140 146 152 156 158
k=36 S=2796 greedy=2796 isgreedy=1 nopt=1 nodes=392 xlim=81 secs=0.00
  tuple: 0 2 6 8 12 18 20 26 30 32 36 42 48 50 56 62 68 72 78 86 90 96 98 102 110 116 120 128 132 138 140 146 152 156 158 162
k=37 S=2964 greedy=2964 isgreedy=1 nopt=1 nodes=415 xlim=84 secs=0.00
  tuple: 0 2 6 8 12 18 20 26 30 32 36 42 48 50 56 62 68 72 78 86 90 96 98 102 110 116 120 128 132 138 140 146 152 156 158 162 168
k=38 S=3140 greedy=3140 isgreedy=1 nopt=1 nodes=434 xlim=88 secs=0.00
  tuple: 0 2 6 8 12 18 20 26 30 32 36 42 48 50 56 62 68 72 78 86 90 96 98 102 110 116 120 128 132 138 140 146 152 156 158 162 168 176
k=39 S=3322 greedy=3322 isgreedy=1 nopt=1 nodes=466 xlim=91 secs=0.00
  tuple: 0 2 6 8 12 18 20 26 30 32 36 42 48 50 56 62 68 72 78 86 90 96 98 102 110 116 120 128 132 138 140 146 152 156 158 162 168 176 182
k=40 S=3508 greedy=3508 isgreedy=1 nopt=1 nodes=498 xlim=93 secs=0.00
  tuple: 0 2 6 8 12 18 20 26 30 32 36 42 48 50 56 62 68 72 78 86 90 96 98 102 110 116 120 128 132 138 140 146 152 156 158 162 168 176 182 186
k=41 S=3696 greedy=3696 isgreedy=1 nopt=1 nodes=541 xlim=94 secs=0.00
  tuple: 0 2 6 8 12 18 20 26 30 32 36 42 48 50 56 62 68 72 78 86 90 96 98 102 110 116 120 128 132 138 140 146 152 156 158 162 168 176 182 186 188
k=42 S=3894 greedy=3894 isgreedy=1 nopt=1 nodes=651 xlim=99 secs=0.00
  tuple: 0 2 6 8 12 18 20 26 30 32 36 42 48 50 56 62 68 72 78 86 90 96 98 102 110 116 120 128 132 138 140 146 152 156 158 162 168 176 182 186 188 198
k=43 S=4094 greedy=4094 isgreedy=1 nopt=1 nodes=712 xlim=100 secs=0.00
  tuple: 0 2 6 8 12 18 20 26 30 32 36 42 48 50 56 62 68 72 78 86 90 96 98 102 110 116 120 128 132 138 140 146 152 156 158 162 168 176 182 186 188 198 200
k=44 S=4304 greedy=4304 isgreedy=1 nopt=1 nodes=792 xlim=105 secs=0.00
  tuple: 0 2 6 8 12 18 20 26 30 32 36 42 48 50 56 62 68 72 78 86 90 96 98 102 110 116 120 128 132 138 140 146 152 156 158 162 168 176 182 186 188 198 200 210
k=45 S=4516 greedy=4516 isgreedy=1 nopt=1 nodes=847 xlim=106 secs=0.00
  tuple: 0 2 6 8 12 18 20 26 30 32 36 42 48 50 56 62 68 72 78 86 90 96 98 102 110 116 120 128 132 138 140 146 152 156 158 162 168 176 182 186 188 198 200 210 212
k=46 S=4732 greedy=4732 isgreedy=1 nopt=1 nodes=885 xlim=108 secs=0.00
  tuple: 0 2 6 8 12 18 20 26 30 32 36 42 48 50 56 62 68 72 78 86 90 96 98 102 110 116 120 128 132 138 140 146 152 156 158 162 168 176 182 186 188 198 200 210 212 216
k=47 S=4962 greedy=4962 isgreedy=1 nopt=1 nodes=1054 xlim=115 secs=0.00
  tuple: 0 2 6 8 12 18 20 26 30 32 36 42 48 50 56 62 68 72 78 86 90 96 98 102 110 116 120 128 132 138 140 146 152 156 158 162 168 176 182 186 188 198 200 210 212 216 230
k=48 S=5202 greedy=5202 isgreedy=1 nopt=1 nodes=1445 xlim=120 secs=0.00
  tuple: 0 2 6 8 12 18 20 26 30 32 36 42 48 50 56 62 68 72 78 86 90 96 98 102 110 116 120 128 132 138 140 146 152 156 158 162 168 176 182 186 188 198 200 210 212 216 230 240
k=49 S=5444 greedy=5444 isgreedy=1 nopt=1 nodes=1761 xlim=121 secs=0.00
  tuple: 0 2 6 8 12 18 20 26 30 32 36 42 48 50 56 62 68 72 78 86 90 96 98 102 110 116 120 128 132 138 140 146 152 156 158 162 168 176 182 186 188 198 200 210 212 216 230 240 242
k=50 S=5690 greedy=5690 isgreedy=1 nopt=1 nodes=2051 xlim=123 secs=0.00
  tuple: 0 2 6 8 12 18 20 26 30 32 36 42 48 50 56 62 68 72 78 86 90 96 98 102 110 116 120 128 132 138 140 146 152 156 158 162 168 176 182 186 188 198 200 210 212 216 230 240 242 246
k=51 S=5942 greedy=5942 isgreedy=1 nopt=1 nodes=2442 xlim=126 secs=0.00
  tuple: 0 2 6 8 12 18 20 26 30 32 36 42 48 50 56 62 68 72 78 86 90 96 98 102 110 116 120 128 132 138 140 146 152 156 158 162 168 176 182 186 188 198 200 210 212 216 230 240 242 246 252
k=52 S=6202 greedy=6202 isgreedy=1 nopt=1 nodes=2825 xlim=130 secs=0.00
  tuple: 0 2 6 8 12 18 20 26 30 32 36 42 48 50 56 62 68 72 78 86 90 96 98 102 110 116 120 128 132 138 140 146 152 156 158 162 168 176 182 186 188 198 200 210 212 216 230 240 242 246 252 260
k=53 S=6468 greedy=6468 isgreedy=1 nopt=1 nodes=3289 xlim=133 secs=0.00
  tuple: 0 2 6 8 12 18 20 26 30 32 36 42 48 50 56 62 68 72 78 86 90 96 98 102 110 116 120 128 132 138 140 146 152 156 158 162 168 176 182 186 188 198 200 210 212 216 230 240 242 246 252 260 266
k=54 S=6738 greedy=6738 isgreedy=1 nopt=1 nodes=3959 xlim=135 secs=0.00
  tuple: 0 2 6 8 12 18 20 26 30 32 36 42 48 50 56 62 68 72 78 86 90 96 98 102 110 116 120 128 132 138 140 146 152 156 158 162 168 176 182 186 188 198 200 210 212 216 230 240 242 246 252 260 266 270
k=55 S=7010 greedy=7010 isgreedy=1 nopt=1 nodes=4458 xlim=136 secs=0.00
  tuple: 0 2 6 8 12 18 20 26 30 32 36 42 48 50 56 62 68 72 78 86 90 96 98 102 110 116 120 128 132 138 140 146 152 156 158 162 168 176 182 186 188 198 200 210 212 216 230 240 242 246 252 260 266 270 272
k=56 S=7288 greedy=7288 isgreedy=1 nopt=1 nodes=5046 xlim=139 secs=0.00
  tuple: 0 2 6 8 12 18 20 26 30 32 36 42 48 50 56 62 68 72 78 86 90 96 98 102 110 116 120 128 132 138 140 146 152 156 158 162 168 176 182 186 188 198 200 210 212 216 230 240 242 246 252 260 266 270 272 278
k=57 S=7570 greedy=7570 isgreedy=1 nopt=1 nodes=5472 xlim=141 secs=0.00
  tuple: 0 2 6 8 12 18 20 26 30 32 36 42 48 50 56 62 68 72 78 86 90 96 98 102 110 116 120 128 132 138 140 146 152 156 158 162 168 176 182 186 188 198 200 210 212 216 230 240 242 246 252 260 266 270 272 278 282
k=58 S=7858 greedy=7858 isgreedy=1 nopt=1 nodes=6051 xlim=144 secs=0.00
  tuple: 0 2 6 8 12 18 20 26 30 32 36 42 48 50 56 62 68 72 78 86 90 96 98 102 110 116 120 128 132 138 140 146 152 156 158 162 168 176 182 186 188 198 200 210 212 216 230 240 242 246 252 260 266 270 272 278 282 288
k=59 S=8164 greedy=8164 isgreedy=1 nopt=1 nodes=7425 xlim=153 secs=0.00
  tuple: 0 2 6 8 12 18 20 26 30 32 36 42 48 50 56 62 68 72 78 86 90 96 98 102 110 116 120 128 132 138 140 146 152 156 158 162 168 176 182 186 188 198 200 210 212 216 230 240 242 246 252 260 266 270 272 278 282 288 306
k=60 S=8472 greedy=8472 isgreedy=1 nopt=1 nodes=8429 xlim=154 secs=0.00
  tuple: 0 2 6 8 12 18 20 26 30 32 36 42 48 50 56 62 68 72 78 86 90 96 98 102 110 116 120 128 132 138 140 146 152 156 158 162 168 176 182 186 188 198 200 210 212 216 230 240 242 246 252 260 266 270 272 278 282 288 306 308
k=61 S=8784 greedy=8784 isgreedy=1 nopt=1 nodes=9386 xlim=156 secs=0.00
  tuple: 0 2 6 8 12 18 20 26 30 32 36 42 48 50 56 62 68 72 78 86 90 96 98 102 110 116 120 128 132 138 140 146 152 156 158 162 168 176 182 186 188 198 200 210 212 216 230 240 242 246 252 260 266 270 272 278 282 288 306 308 312
k=62 S=9104 greedy=9104 isgreedy=1 nopt=1 nodes=10402 xlim=160 secs=0.00
  tuple: 0 2 6 8 12 18 20 26 30 32 36 42 48 50 56 62 68 72 78 86 90 96 98 102 110 116 120 128 132 138 140 146 152 156 158 162 168 176 182 186 188 198 200 210 212 216 230 240 242 246 252 260 266 270 272 278 282 288 306 308 312 320
k=63 S=9440 greedy=9440 isgreedy=1 nopt=1 nodes=13204 xlim=168 secs=0.00
  tuple: 0 2 6 8 12 18 20 26 30 32 36 42 48 50 56 62 68 72 78 86 90 96 98 102 110 116 120 128 132 138 140 146 152 156 158 162 168 176 182 186 188 198 200 210 212 216 230 240 242 246 252 260 266 270 272 278 282 288 306 308 312 320 336
k=64 S=9778 greedy=9778 isgreedy=1 nopt=1 nodes=17248 xlim=169 secs=0.00
  tuple: 0 2 6 8 12 18 20 26 30 32 36 42 48 50 56 62 68 72 78 86 90 96 98 102 110 116 120 128 132 138 140 146 152 156 158 162 168 176 182 186 188 198 200 210 212 216 230 240 242 246 252 260 266 270 272 278 282 288 306 308 312 320 336 338
k=65 S=10120 greedy=10120 isgreedy=1 nopt=1 nodes=21032 xlim=171 secs=0.00
  tuple: 0 2 6 8 12 18 20 26 30 32 36 42 48 50 56 62 68 72 78 86 90 96 98 102 110 116 120 128 132 138 140 146 152 156 158 162 168 176 182 186 188 198 200 210 212 216 230 240 242 246 252 260 266 270 272 278 282 288 306 308 312 320 336 338 342
k=66 S=10468 greedy=10468 isgreedy=1 nopt=1 nodes=25355 xlim=174 secs=0.00
  tuple: 0 2 6 8 12 18 20 26 30 32 36 42 48 50 56 62 68 72 78 86 90 96 98 102 110 116 120 128 132 138 140 146 152 156 158 162 168 176 182 186 188 198 200 210 212 216 230 240 242 246 252 260 266 270 272 278 282 288 306 308 312 320 336 338 342 348
k=67 S=10818 greedy=10818 isgreedy=1 nopt=1 nodes=28739 xlim=175 secs=0.00
  tuple: 0 2 6 8 12 18 20 26 30 32 36 42 48 50 56 62 68 72 78 86 90 96 98 102 110 116 120 128 132 138 140 146 152 156 158 162 168 176 182 186 188 198 200 210 212 216 230 240 242 246 252 260 266 270 272 278 282 288 306 308 312 320 336 338 342 348 350
k=68 S=11180 greedy=11180 isgreedy=1 nopt=1 nodes=33381 xlim=181 secs=0.00
  tuple: 0 2 6 8 12 18 20 26 30 32 36 42 48 50 56 62 68 72 78 86 90 96 98 102 110 116 120 128 132 138 140 146 152 156 158 162 168 176 182 186 188 198 200 210 212 216 230 240 242 246 252 260 266 270 272 278 282 288 306 308 312 320 336 338 342 348 350 362
k=69 S=11552 greedy=11552 isgreedy=1 nopt=1 nodes=39680 xlim=186 secs=0.01
  tuple: 0 2 6 8 12 18 20 26 30 32 36 42 48 50 56 62 68 72 78 86 90 96 98 102 110 116 120 128 132 138 140 146 152 156 158 162 168 176 182 186 188 198 200 210 212 216 230 240 242 246 252 260 266 270 272 278 282 288 306 308 312 320 336 338 342 348 350 362 372
k=70 S=11932 greedy=11932 isgreedy=1 nopt=1 nodes=48789 xlim=190 secs=0.01
  tuple: 0 2 6 8 12 18 20 26 30 32 36 42 48 50 56 62 68 72 78 86 90 96 98 102 110 116 120 128 132 138 140 146 152 156 158 162 168 176 182 186 188 198 200 210 212 216 230 240 242 246 252 260 266 270 272 278 282 288 306 308 312 320 336 338 342 348 350 362 372 380
k=71 S=12318 greedy=12318 isgreedy=1 nopt=1 nodes=59415 xlim=193 secs=0.01
  tuple: 0 2 6 8 12 18 20 26 30 32 36 42 48 50 56 62 68 72 78 86 90 96 98 102 110 116 120 128 132 138 140 146 152 156 158 162 168 176 182 186 188 198 200 210 212 216 230 240 242 246 252 260 266 270 272 278 282 288 306 308 312 320 336 338 342 348 350 362 372 380 386
k=72 S=12710 greedy=12710 isgreedy=1 nopt=1 nodes=73506 xlim=196 secs=0.01
  tuple: 0 2 6 8 12 18 20 26 30 32 36 42 48 50 56 62 68 72 78 86 90 96 98 102 110 116 120 128 132 138 140 146 152 156 158 162 168 176 182 186 188 198 200 210 212 216 230 240 242 246 252 260 266 270 272 278 282 288 306 308 312 320 336 338 342 348 350 362 372 380 386 392
k=73 S=13106 greedy=13106 isgreedy=1 nopt=1 nodes=89339 xlim=198 secs=0.01
  tuple: 0 2 6 8 12 18 20 26 30 32 36 42 48 50 56 62 68 72 78 86 90 96 98 102 110 116 120 128 132 138 140 146 152 156 158 162 168 176 182 186 188 198 200 210 212 216 230 240 242 246 252 260 266 270 272 278 282 288 306 308 312 320 336 338 342 348 350 362 372 380 386 392 396
k=74 S=13516 greedy=13516 isgreedy=1 nopt=1 nodes=112465 xlim=205 secs=0.02
  tuple: 0 2 6 8 12 18 20 26 30 32 36 42 48 50 56 62 68 72 78 86 90 96 98 102 110 116 120 128 132 138 140 146 152 156 158 162 168 176 182 186 188 198 200 210 212 216 230 240 242 246 252 260 266 270 272 278 282 288 306 308 312 320 336 338 342 348 350 362 372 380 386 392 396 410
k=75 S=13936 greedy=13936 isgreedy=1 nopt=1 nodes=140254 xlim=210 secs=0.02
  tuple: 0 2 6 8 12 18 20 26 30 32 36 42 48 50 56 62 68 72 78 86 90 96 98 102 110 116 120 128 132 138 140 146 152 156 158 162 168 176 182 186 188 198 200 210 212 216 230 240 242 246 252 260 266 270 272 278 282 288 306 308 312 320 336 338 342 348 350 362 372 380 386 392 396 410 420
k=76 S=14358 greedy=14358 isgreedy=1 nopt=1 nodes=164246 xlim=211 secs=0.03
  tuple: 0 2 6 8 12 18 20 26 30 32 36 42 48 50 56 62 68 72 78 86 90 96 98 102 110 116 120 128 132 138 140 146 152 156 158 162 168 176 182 186 188 198 200 210 212 216 230 240 242 246 252 260 266 270 272 278 282 288 306 308 312 320 336 338 342 348 350 362 372 380 386 392 396 410 420 422
k=77 S=14784 greedy=14784 isgreedy=1 nopt=1 nodes=197460 xlim=213 secs=0.03
  tuple: 0 2 6 8 12 18 20 26 30 32 36 42 48 50 56 62 68 72 78 86 90 96 98 102 110 116 120 128 132 138 140 146 152 156 158 162 168 176 182 186 188 198 200 210 212 216 230 240 242 246 252 260 266 270 272 278 282 288 306 308 312 320 336 338 342 348 350 362 372 380 386 392 396 410 420 422 426
k=78 S=15212 greedy=15212 isgreedy=1 nopt=1 nodes=232823 xlim=214 secs=0.04
  tuple: 0 2 6 8 12 18 20 26 30 32 36 42 48 50 56 62 68 72 78 86 90 96 98 102 110 116 120 128 132 138 140 146 152 156 158 162 168 176 182 186 188 198 200 210 212 216 230 240 242 246 252 260 266 270 272 278 282 288 306 308 312 320 336 338 342 348 350 362 372 380 386 392 396 410 420 422 426 428
k=79 S=15650 greedy=15650 isgreedy=1 nopt=1 nodes=286193 xlim=219 secs=0.05
  tuple: 0 2 6 8 12 18 20 26 30 32 36 42 48 50 56 62 68 72 78 86 90 96 98 102 110 116 120 128 132 138 140 146 152 156 158 162 168 176 182 186 188 198 200 210 212 216 230 240 242 246 252 260 266 270 272 278 282 288 306 308 312 320 336 338 342 348 350 362 372 380 386 392 396 410 420 422 426 428 438
k=80 S=16100 greedy=16100 isgreedy=1 nopt=1 nodes=369180 xlim=225 secs=0.06
  tuple: 0 2 6 8 12 18 20 26 30 32 36 42 48 50 56 62 68 72 78 86 90 96 98 102 110 116 120 128 132 138 140 146 152 156 158 162 168 176 182 186 188 198 200 210 212 216 230 240 242 246 252 260 266 270 272 278 282 288 306 308 312 320 336 338 342 348 350 362 372 380 386 392 396 410 420 422 426 428 438 450
k=81 S=16552 greedy=16552 isgreedy=1 nopt=1 nodes=444494 xlim=226 secs=0.07
  tuple: 0 2 6 8 12 18 20 26 30 32 36 42 48 50 56 62 68 72 78 86 90 96 98 102 110 116 120 128 132 138 140 146 152 156 158 162 168 176 182 186 188 198 200 210 212 216 230 240 242 246 252 260 266 270 272 278 282 288 306 308 312 320 336 338 342 348 350 362 372 380 386 392 396 410 420 422 426 428 438 450 452
k=82 S=17014 greedy=17014 isgreedy=1 nopt=1 nodes=533307 xlim=231 secs=0.09
  tuple: 0 2 6 8 12 18 20 26 30 32 36 42 48 50 56 62 68 72 78 86 90 96 98 102 110 116 120 128 132 138 140 146 152 156 158 162 168 176 182 186 188 198 200 210 212 216 230 240 242 246 252 260 266 270 272 278 282 288 306 308 312 320 336 338 342 348 350 362 372 380 386 392 396 410 420 422 426 428 438 450 452 462
k=83 S=17482 greedy=17482 isgreedy=1 nopt=1 nodes=624835 xlim=234 secs=0.10
  tuple: 0 2 6 8 12 18 20 26 30 32 36 42 48 50 56 62 68 72 78 86 90 96 98 102 110 116 120 128 132 138 140 146 152 156 158 162 168 176 182 186 188 198 200 210 212 216 230 240 242 246 252 260 266 270 272 278 282 288 306 308 312 320 336 338 342 348 350 362 372 380 386 392 396 410 420 422 426 428 438 450 452 462 468
k=84 S=17952 greedy=17952 isgreedy=1 nopt=1 nodes=714218 xlim=235 secs=0.12
  tuple: 0 2 6 8 12 18 20 26 30 32 36 42 48 50 56 62 68 72 78 86 90 96 98 102 110 116 120 128 132 138 140 146 152 156 158 162 168 176 182 186 188 198 200 210 212 216 230 240 242 246 252 260 266 270 272 278 282 288 306 308 312 320 336 338 342 348 350 362 372 380 386 392 396 410 420 422 426 428 438 450 452 462 468 470
k=85 S=18428 greedy=18428 isgreedy=1 nopt=1 nodes=836670 xlim=238 secs=0.14
  tuple: 0 2 6 8 12 18 20 26 30 32 36 42 48 50 56 62 68 72 78 86 90 96 98 102 110 116 120 128 132 138 140 146 152 156 158 162 168 176 182 186 188 198 200 210 212 216 230 240 242 246 252 260 266 270 272 278 282 288 306 308 312 320 336 338 342 348 350 362 372 380 386 392 396 410 420 422 426 428 438 450 452 462 468 470 476
k=86 S=18916 greedy=18916 isgreedy=1 nopt=1 nodes=1016278 xlim=244 secs=0.17
  tuple: 0 2 6 8 12 18 20 26 30 32 36 42 48 50 56 62 68 72 78 86 90 96 98 102 110 116 120 128 132 138 140 146 152 156 158 162 168 176 182 186 188 198 200 210 212 216 230 240 242 246 252 260 266 270 272 278 282 288 306 308 312 320 336 338 342 348 350 362 372 380 386 392 396 410 420 422 426 428 438 450 452 462 468 470 476 488
k=87 S=19408 greedy=19408 isgreedy=1 nopt=1 nodes=1212795 xlim=246 secs=0.20
  tuple: 0 2 6 8 12 18 20 26 30 32 36 42 48 50 56 62 68 72 78 86 90 96 98 102 110 116 120 128 132 138 140 146 152 156 158 162 168 176 182 186 188 198 200 210 212 216 230 240 242 246 252 260 266 270 272 278 282 288 306 308 312 320 336 338 342 348 350 362 372 380 386 392 396 410 420 422 426 428 438 450 452 462 468 470 476 488 492
k=88 S=19906 greedy=19906 isgreedy=1 nopt=1 nodes=1439837 xlim=249 secs=0.24
  tuple: 0 2 6 8 12 18 20 26 30 32 36 42 48 50 56 62 68 72 78 86 90 96 98 102 110 116 120 128 132 138 140 146 152 156 158 162 168 176 182 186 188 198 200 210 212 216 230 240 242 246 252 260 266 270 272 278 282 288 306 308 312 320 336 338 342 348 350 362 372 380 386 392 396 410 420 422 426 428 438 450 452 462 468 470 476 488 492 498
k=89 S=20412 greedy=20412 isgreedy=1 nopt=1 nodes=1702904 xlim=253 secs=0.29
  tuple: 0 2 6 8 12 18 20 26 30 32 36 42 48 50 56 62 68 72 78 86 90 96 98 102 110 116 120 128 132 138 140 146 152 156 158 162 168 176 182 186 188 198 200 210 212 216 230 240 242 246 252 260 266 270 272 278 282 288 306 308 312 320 336 338 342 348 350 362 372 380 386 392 396 410 420 422 426 428 438 450 452 462 468 470 476 488 492 498 506
k=90 S=20922 greedy=20922 isgreedy=1 nopt=1 nodes=1960147 xlim=255 secs=0.33
  tuple: 0 2 6 8 12 18 20 26 30 32 36 42 48 50 56 62 68 72 78 86 90 96 98 102 110 116 120 128 132 138 140 146 152 156 158 162 168 176 182 186 188 198 200 210 212 216 230 240 242 246 252 260 266 270 272 278 282 288 306 308 312 320 336 338 342 348 350 362 372 380 386 392 396 410 420 422 426 428 438 450 452 462 468 470 476 488 492 498 506 510
k=91 S=21434 greedy=21434 isgreedy=1 nopt=1 nodes=2187045 xlim=256 secs=0.38
  tuple: 0 2 6 8 12 18 20 26 30 32 36 42 48 50 56 62 68 72 78 86 90 96 98 102 110 116 120 128 132 138 140 146 152 156 158 162 168 176 182 186 188 198 200 210 212 216 230 240 242 246 252 260 266 270 272 278 282 288 306 308 312 320 336 338 342 348 350 362 372 380 386 392 396 410 420 422 426 428 438 450 452 462 468 470 476 488 492 498 506 510 512
k=92 S=21950 greedy=21950 isgreedy=1 nopt=1 nodes=2418239 xlim=258 secs=0.42
  tuple: 0 2 6 8 12 18 20 26 30 32 36 42 48 50 56 62 68 72 78 86 90 96 98 102 110 116 120 128 132 138 140 146 152 156 158 162 168 176 182 186 188 198 200 210 212 216 230 240 242 246 252 260 266 270 272 278 282 288 306 308 312 320 336 338 342 348 350 362 372 380 386 392 396 410 420 422 426 428 438 450 452 462 468 470 476 488 492 498 506 510 512 516
k=93 S=22474 greedy=22480 isgreedy=0 nopt=1 nodes=2726673 xlim=265 secs=0.48
  tuple: 0 2 6 8 12 18 20 26 30 32 36 42 48 50 56 62 68 72 78 86 90 96 98 102 110 116 120 128 132 138 140 146 152 156 158 162 168 176 182 186 188 198 200 210 212 216 230 240 242 246 252 260 266 270 272 278 288 306 308 312 320 336 338 342 348 350 362 366 372 380 386 392 396 410 420 422 426 428 438 440 450 452 462 468 470 476 488 492 498 506 510 512 516
k=94 S=23004 greedy=23016 isgreedy=0 nopt=1 nodes=3082392 xlim=265 secs=0.54
  tuple: 0 2 6 8 12 18 20 26 30 32 36 42 48 50 56 62 68 72 78 86 90 96 98 102 110 116 120 128 132 138 140 146 152 156 158 162 168 176 182 186 188 198 200 210 212 216 230 240 242 246 252 260 266 270 272 278 288 306 308 312 320 336 338 342 348 350 362 366 372 380 386 392 396 410 420 422 426 428 438 440 450 452 462 468 470 476 488 492 498 506 510 512 516 530
k=95 S=23540 greedy=23564 isgreedy=0 nopt=1 nodes=3507894 xlim=268 secs=0.62
  tuple: 0 2 6 8 12 18 20 26 30 32 36 42 48 50 56 62 68 72 78 86 90 96 98 102 110 116 120 128 132 138 140 146 152 156 158 162 168 176 182 186 188 198 200 210 212 216 230 240 242 246 252 260 266 270 272 278 288 306 308 312 320 336 338 342 348 350 362 366 372 380 386 392 396 410 420 422 426 428 438 440 450 452 462 468 470 476 488 492 498 506 510 512 516 530 536
k=96 S=24088 greedy=24116 isgreedy=0 nopt=1 nodes=4108140 xlim=274 secs=0.73
  tuple: 0 2 6 8 12 18 20 26 30 32 36 42 48 50 56 62 68 72 78 86 90 96 98 102 110 116 120 128 132 138 140 146 152 156 158 162 168 176 182 186 188 198 200 210 212 216 230 240 242 246 252 260 266 270 272 278 288 306 308 312 320 336 338 342 348 350 362 366 372 380 386 392 396 410 420 422 426 428 438 440 450 452 462 468 470 476 488 492 498 506 510 512 516 530 536 548
k=97 S=24640 greedy=24674 isgreedy=0 nopt=1 nodes=4681032 xlim=276 secs=0.84
  tuple: 0 2 6 8 12 18 20 26 30 32 36 42 48 50 56 62 68 72 78 86 90 96 98 102 110 116 120 128 132 138 140 146 152 156 158 162 168 176 182 186 188 198 200 210 212 216 230 240 242 246 252 260 266 270 272 278 288 306 308 312 320 336 338 342 348 350 362 366 372 380 386 392 396 410 420 422 426 428 438 440 450 452 462 468 470 476 488 492 498 506 510 512 516 530 536 548 552
k=98 S=25198 greedy=25246 isgreedy=0 nopt=1 nodes=5256974 xlim=279 secs=0.95
  tuple: 0 2 6 8 12 18 20 26 30 32 36 42 48 50 56 62 68 72 78 86 90 96 98 102 110 116 120 128 132 138 140 146 152 156 158 162 168 176 182 186 188 198 200 210 212 216 230 240 242 246 252 260 266 270 272 278 288 306 308 312 320 336 338 342 348 350 362 366 372 380 386 392 396 410 420 422 426 428 438 440 450 452 462 468 470 476 488 492 498 506 510 512 516 530 536 548 552 558
k=99 S=25770 greedy=25824 isgreedy=0 nopt=1 nodes=6114584 xlim=286 secs=1.11
  tuple: 0 2 6 8 12 18 20 26 30 32 36 42 48 50 56 62 68 72 78 86 90 96 98 102 110 116 120 128 132 138 140 146 152 156 158 162 168 176 182 186 188 198 200 210 212 216 230 240 242 246 252 260 266 270 272 278 288 306 308 312 320 336 338 342 348 350 362 366 372 380 386 392 396 410 420 422 426 428 438 440 450 452 462 468 470 476 488 492 498 506 510 512 516 530 536 548 552 558 572
k=100 S=26352 greedy=26406 isgreedy=0 nopt=1 nodes=7388213 xlim=291 secs=1.35
  tuple: 0 2 6 8 12 18 20 26 30 32 36 42 48 50 56 62 68 72 78 86 90 96 98 102 110 116 120 128 132 138 140 146 152 156 158 162 168 176 182 186 188 198 200 210 212 216 230 240 242 246 252 260 266 270 272 278 288 306 308 312 320 336 338 342 348 350 362 366 372 380 386 392 396 410 420 422 426 428 438 440 450 452 462 468 470 476 488 492 498 506 510 512 516 530 536 548 552 558 572 582
k=101 S=26942 greedy=26996 isgreedy=0 nopt=1 nodes=9085756 xlim=295 secs=1.68
  tuple: 0 2 6 8 12 18 20 26 30 32 36 42 48 50 56 62 68 72 78 86 90 96 98 102 110 116 120 128 132 138 140 146 152 156 158 162 168 176 182 186 188 198 200 210 212 216 230 240 242 246 252 260 266 270 272 278 288 306 308 312 320 336 338 342 348 350 362 366 372 380 386 392 396 410 420 422 426 428 438 440 450 452 462 468 470 476 488 492 498 506 510 512 516 530 536 548 552 558 572 582 590
k=102 S=27538 greedy=27592 isgreedy=0 nopt=1 nodes=11126449 xlim=298 secs=2.07
  tuple: 0 2 6 8 12 18 20 26 30 32 36 42 48 50 56 62 68 72 78 86 90 96 98 102 110 116 120 128 132 138 140 146 152 156 158 162 168 176 182 186 188 198 200 210 212 216 230 240 242 246 252 260 266 270 272 278 288 306 308 312 320 336 338 342 348 350 362 366 372 380 386 392 396 410 420 422 426 428 438 440 450 452 462 468 470 476 488 492 498 506 510 512 516 530 536 548 552 558 572 582 590 596
k=103 S=28138 greedy=28192 isgreedy=0 nopt=1 nodes=13428518 xlim=300 secs=2.54
  tuple: 0 2 6 8 12 18 20 26 30 32 36 42 48 50 56 62 68 72 78 86 90 96 98 102 110 116 120 128 132 138 140 146 152 156 158 162 168 176 182 186 188 198 200 210 212 216 230 240 242 246 252 260 266 270 272 278 288 306 308 312 320 336 338 342 348 350 362 366 372 380 386 392 396 410 420 422 426 428 438 440 450 452 462 468 470 476 488 492 498 506 510 512 516 530 536 548 552 558 572 582 590 596 600
k=104 S=28744 greedy=28798 isgreedy=0 nopt=1 nodes=15816923 xlim=303 secs=3.00
  tuple: 0 2 6 8 12 18 20 26 30 32 36 42 48 50 56 62 68 72 78 86 90 96 98 102 110 116 120 128 132 138 140 146 152 156 158 162 168 176 182 186 188 198 200 210 212 216 230 240 242 246 252 260 266 270 272 278 288 306 308 312 320 336 338 342 348 350 362 366 372 380 386 392 396 410 420 422 426 428 438 440 450 452 462 468 470 476 488 492 498 506 510 512 516 530 536 548 552 558 572 582 590 596 600 606
k=105 S=29352 greedy=29406 isgreedy=0 nopt=1 nodes=18035748 xlim=304 secs=3.45
  tuple: 0 2 6 8 12 18 20 26 30 32 36 42 48 50 56 62 68 72 78 86 90 96 98 102 110 116 120 128 132 138 140 146 152 156 158 162 168 176 182 186 188 198 200 210 212 216 230 240 242 246 252 260 266 270 272 278 288 306 308 312 320 336 338 342 348 350 362 366 372 380 386 392 396 410 420 422 426 428 438 440 450 452 462 468 470 476 488 492 498 506 510 512 516 530 536 548 552 558 572 582 590 596 600 606 608
k=106 S=29970 greedy=30024 isgreedy=0 nopt=1 nodes=20953554 xlim=309 secs=4.13
  tuple: 0 2 6 8 12 18 20 26 30 32 36 42 48 50 56 62 68 72 78 86 90 96 98 102 110 116 120 128 132 138 140 146 152 156 158 162 168 176 182 186 188 198 200 210 212 216 230 240 242 246 252 260 266 270 272 278 288 306 308 312 320 336 338 342 348 350 362 366 372 380 386 392 396 410 420 422 426 428 438 440 450 452 462 468 470 476 488 492 498 506 510 512 516 530 536 548 552 558 572 582 590 596 600 606 608 618
k=107 S=30590 greedy=30644 isgreedy=0 nopt=1 nodes=24131019 xlim=310 secs=4.89
  tuple: 0 2 6 8 12 18 20 26 30 32 36 42 48 50 56 62 68 72 78 86 90 96 98 102 110 116 120 128 132 138 140 146 152 156 158 162 168 176 182 186 188 198 200 210 212 216 230 240 242 246 252 260 266 270 272 278 288 306 308 312 320 336 338 342 348 350 362 366 372 380 386 392 396 410 420 422 426 428 438 440 450 452 462 468 470 476 488 492 498 506 510 512 516 530 536 548 552 558 572 582 590 596 600 606 608 618 620
k=108 S=31220 greedy=31274 isgreedy=0 nopt=1 nodes=28284736 xlim=315 secs=5.82
  tuple: 0 2 6 8 12 18 20 26 30 32 36 42 48 50 56 62 68 72 78 86 90 96 98 102 110 116 120 128 132 138 140 146 152 156 158 162 168 176 182 186 188 198 200 210 212 216 230 240 242 246 252 260 266 270 272 278 288 306 308 312 320 336 338 342 348 350 362 366 372 380 386 392 396 410 420 422 426 428 438 440 450 452 462 468 470 476 488 492 498 506 510 512 516 530 536 548 552 558 572 582 590 596 600 606 608 618 620 630
k=109 S=31862 greedy=31916 isgreedy=0 nopt=2 nodes=34178154 xlim=321 secs=7.16
  tuple: 0 2 6 8 12 18 20 26 30 32 36 42 48 50 56 62 68 72 78 86 90 96 98 102 110 116 120 128 132 138 140 146 152 156 158 162 168 176 182 186 188 198 200 210 212 216 230 240 242 246 252 260 266 270 272 278 288 306 308 312 320 336 338 342 348 350 362 366 372 380 386 392 396 410 420 422 426 428 438 440 450 452 462 468 470 476 488 492 498 506 510 512 516 530 536 548 552 558 572 582 590 596 600 606 608 618 620 630 642
  tuple: 0 4 6 10 16 18 24 28 30 34 40 46 48 54 60 66 70 76 84 88 94 96 100 108 114 118 126 130 136 138 144 150 154 156 160 166 174 180 184 186 196 198 208 210 214 228 238 240 244 250 258 264 268 270 276 280 286 304 306 310 318 334 336 340 346 348 360 364 370 378 384 390 394 408 418 420 424 426 436 438 448 450 460 466 468 474 486 490 496 504 508 510 514 528 534 546 550 556 570 576 580 588 594 598 604 606 616 618 628
k=110 S=32502 greedy=32564 isgreedy=0 nopt=1 nodes=39744184 xlim=320 secs=8.46
  tuple: 0 4 6 10 16 18 24 28 30 34 40 46 48 54 60 66 70 76 84 88 94 96 100 108 114 118 126 130 136 138 144 150 154 156 160 166 174 180 184 186 196 198 208 210 214 228 238 240 244 250 258 264 268 270 276 280 286 304 306 310 318 334 336 340 346 348 360 364 370 378 384 390 394 408 418 420 424 426 436 438 448 450 460 466 468 474 486 490 496 504 508 510 514 528 534 546 550 556 570 576 580 588 594 598 604 606 616 618 628 640
k=111 S=33148 greedy=33214 isgreedy=0 nopt=1 nodes=45248776 xlim=323 secs=9.77
  tuple: 0 4 6 10 16 18 24 28 30 34 40 46 48 54 60 66 70 76 84 88 94 96 100 108 114 118 126 130 136 138 144 150 154 156 160 166 174 180 184 186 196 198 208 210 214 228 238 240 244 250 258 264 268 270 276 280 286 304 306 310 318 334 336 340 346 348 360 364 370 378 384 390 394 408 418 420 424 426 436 438 448 450 460 466 468 474 486 490 496 504 508 510 514 528 534 546 550 556 570 576 580 588 594 598 604 606 616 618 628 640 646
k=112 S=33796 greedy=33870 isgreedy=0 nopt=1 nodes=49898535 xlim=324 secs=10.91
  tuple: 0 4 6 10 16 18 24 28 30 34 40 46 48 54 60 66 70 76 84 88 94 96 100 108 114 118 126 130 136 138 144 150 154 156 160 166 174 180 184 186 196 198 208 210 214 228 238 240 244 250 258 264 268 270 276 280 286 304 306 310 318 334 336 340 346 348 360 364 370 378 384 390 394 408 418 420 424 426 436 438 448 450 460 466 468 474 486 490 496 504 508 510 514 528 534 546 550 556 570 576 580 588 594 598 604 606 616 618 628 640 646 648
k=113 S=34450 greedy=34530 isgreedy=0 nopt=1 nodes=55046978 xlim=327 secs=12.25
  tuple: 0 4 6 10 16 18 24 28 30 34 40 46 48 54 60 66 70 76 84 88 94 96 100 108 114 118 126 130 136 138 144 150 154 156 160 166 174 180 184 186 196 198 208 210 214 228 238 240 244 250 258 264 268 270 276 280 286 304 306 310 318 334 336 340 346 348 360 364 370 378 384 390 394 408 418 420 424 426 436 438 448 450 460 466 468 474 486 490 496 504 508 510 514 528 534 546 550 556 570 576 580 588 594 598 604 606 616 618 628 640 646 648 654
k=114 S=35108 greedy=35202 isgreedy=0 nopt=1 nodes=61044429 xlim=329 secs=13.73
  tuple: 0 4 6 10 16 18 24 28 30 34 40 46 48 54 60 66 70 76 84 88 94 96 100 108 114 118 126 130 136 138 144 150 154 156 160 166 174 180 184 186 196 198 208 210 214 228 238 240 244 250 258 264 268 270 276 280 286 304 306 310 318 334 336 340 346 348 360 364 370 378 384 390 394 408 418 420 424 426 436 438 448 450 460 466 468 474 486 490 496 504 508 510 514 528 534 546 550 556 570 576 580 588 594 598 604 606 616 618 628 640 646 648 654 658
k=115 S=35768 greedy=35882 isgreedy=0 nopt=1 nodes=67390413 xlim=330 secs=15.36
  tuple: 0 4 6 10 16 18 24 28 30 34 40 46 48 54 60 66 70 76 84 88 94 96 100 108 114 118 126 130 136 138 144 150 154 156 160 166 174 180 184 186 196 198 208 210 214 228 238 240 244 250 258 264 268 270 276 280 286 304 306 310 318 334 336 340 346 348 360 364 370 378 384 390 394 408 418 420 424 426 436 438 448 450 460 466 468 474 486 490 496 504 508 510 514 528 534 546 550 556 570 576 580 588 594 598 604 606 616 618 628 640 646 648 654 658 660
k=116 S=36438 greedy=36568 isgreedy=0 nopt=1 nodes=75361150 xlim=335 secs=17.47
  tuple: 0 4 6 10 16 18 24 28 30 34 40 46 48 54 60 66 70 76 84 88 94 96 100 108 114 118 126 130 136 138 144 150 154 156 160 166 174 180 184 186 196 198 208 210 214 228 238 240 244 250 258 264 268 270 276 280 286 304 306 310 318 334 336 340 346 348 360 364 370 378 384 390 394 408 418 420 424 426 436 438 448 450 460 466 468 474 486 490 496 504 508 510 514 528 534 546 550 556 570 576 580 588 594 598 604 606 616 618 628 640 646 648 654 658 660 670
k=117 S=37116 greedy=37270 isgreedy=0 nopt=1 nodes=84761499 xlim=339 secs=19.86
  tuple: 0 4 6 10 16 18 24 28 30 34 40 46 48 54 60 66 70 76 84 88 94 96 100 108 114 118 126 130 136 138 144 150 154 156 160 166 174 180 184 186 196 198 208 210 214 228 238 240 244 250 258 264 268 270 276 280 286 304 306 310 318 334 336 340 346 348 360 364 370 378 384 390 394 408 418 420 424 426 436 438 448 450 460 466 468 474 486 490 496 504 508 510 514 528 534 546 550 556 570 576 580 588 594 598 604 606 616 618 628 640 646 648 654 658 660 670 678
k=118 S=37800 greedy=37978 isgreedy=0 nopt=1 nodes=94145816 xlim=342 secs=22.82
  tuple: 0 4 6 10 16 18 24 28 30 34 40 46 48 54 60 66 70 76 84 88 94 96 100 108 114 118 126 130 136 138 144 150 154 156 160 166 174 180 184 186 196 198 208 210 214 228 238 240 244 250 258 264 268 270 276 280 286 304 306 310 318 334 336 340 346 348 360 364 370 378 384 390 394 408 418 420 424 426 436 438 448 450 460 466 468 474 486 490 496 504 508 510 514 528 534 546 550 556 570 576 580 588 594 598 604 606 616 618 628 640 646 648 654 658 660 670 678 684
k=119 S=38500 greedy=38700 isgreedy=0 nopt=1 nodes=105413627 xlim=350 secs=26.49
  tuple: 0 4 6 10 16 18 24 28 30 34 40 46 48 54 60 66 70 76 84 88 94 96 100 108 114 118 126 130 136 138 144 150 154 156 160 166 174 180 184 186 196 198 208 210 214 228 238 240 244 250 258 264 268 270 276 280 286 304 306 310 318 334 336 340 346 348 360 364 370 378 384 390 394 408 418 420 424 426 436 438 448 450 460 466 468 474 486 490 496 504 508 510 514 528 534 546 550 556 570 576 580 588 594 598 604 606 616 618 628 640 646 648 654 658 660 670 678 684 700
k=120 S=39206 greedy=39426 isgreedy=0 nopt=1 nodes=115900351 xlim=353 secs=30.68
  tuple: 0 4 6 10 16 18 24 28 30 34 40 46 48 54 60 66 70 76 84 88 94 96 100 108 114 118 126 130 136 138 144 150 154 156 160 166 174 180 184 186 196 198 208 210 214 228 238 240 244 250 258 264 268 270 276 280 286 304 306 310 318 334 336 340 346 348 360 364 370 378 384 390 394 408 418 420 424 426 436 438 448 450 460 466 468 474 486 490 496 504 508 510 514 528 534 546 550 556 570 576 580 588 594 598 604 606 616 618 628 640 646 648 654 658 660 670 678 684 700 706
k=121 S=39926 greedy=40158 isgreedy=0 nopt=1 nodes=146931159 xlim=360 secs=40.62
  tuple: 0 4 6 10 16 18 24 28 30 34 40 46 48 54 60 66 70 76 84 88 94 96 100 108 114 118 126 130 136 138 144 150 154 156 160 166 174 180 184 186 196 198 208 210 214 228 238 240 244 250 258 264 268 270 276 280 286 304 306 310 318 334 336 340 346 348 360 364 370 378 384 390 394 408 418 420 424 426 436 438 448 450 460 466 468 474 486 490 496 504 508 510 514 528 534 546 550 556 570 576 580 588 594 598 604 606 616 618 628 640 646 648 654 658 660 670 678 684 700 706 720
k=122 S=40650 greedy=40898 isgreedy=0 nopt=1 nodes=151360416 xlim=362 secs=43.00
  tuple: 0 4 6 10 16 18 24 28 30 34 40 46 48 54 60 66 70 76 84 88 94 96 100 108 114 118 126 130 136 138 144 150 154 156 160 166 174 180 184 186 196 198 208 210 214 228 238 240 244 250 258 264 268 270 276 280 286 304 306 310 318 334 336 340 346 348 360 364 370 378 384 390 394 408 418 420 424 426 436 438 448 450 460 466 468 474 486 490 496 504 508 510 514 528 534 546 550 556 570 576 580 588 594 598 604 606 616 618 628 640 646 648 654 658 660 670 678 684 700 706 720 724
k=123 S=41380 greedy=41644 isgreedy=0 nopt=1 nodes=176218179 xlim=365 secs=51.24
  tuple: 0 4 6 10 16 18 24 28 30 34 40 46 48 54 60 66 70 76 84 88 94 96 100 108 114 118 126 130 136 138 144 150 154 156 160 166 174 180 184 186 196 198 208 210 214 228 238 240 244 250 258 264 268 270 276 280 286 304 306 310 318 334 336 340 346 348 360 364 370 378 384 390 394 408 418 420 424 426 436 438 448 450 460 466 468 474 486 490 496 504 508 510 514 528 534 546 550 556 570 576 580 588 594 598 604 606 616 618 628 640 646 648 654 658 660 670 678 684 700 706 720 724 730
k=124 S=42124 greedy=42400 isgreedy=0 nopt=1 nodes=245866062 xlim=372 secs=72.88
  tuple: 0 4 6 10 16 18 24 28 30 34 40 46 48 54 60 66 70 76 84 88 94 96 100 108 114 118 126 130 136 138 144 150 154 156 160 166 174 180 184 186 196 198 208 210 214 228 238 240 244 250 258 264 268 270 276 280 286 304 306 310 318 334 336 340 346 348 360 364 370 378 384 390 394 408 418 420 424 426 436 438 448 450 460 466 468 474 486 490 496 504 508 510 514 528 534 546 550 556 570 576 580 588 594 598 604 606 616 618 628 640 646 648 654 658 660 670 678 684 700 706 720 724 730 744
k=125 S=42878 greedy=43158 isgreedy=0 nopt=1 nodes=294014024 xlim=377 secs=93.15
  tuple: 0 4 6 10 16 18 24 28 30 34 40 46 48 54 60 66 70 76 84 88 94 96 100 108 114 118 126 130 136 138 144 150 154 156 160 166 174 180 184 186 196 198 208 210 214 228 238 240 244 250 258 264 268 270 276 280 286 304 306 310 318 334 336 340 346 348 360 364 370 378 384 390 394 408 418 420 424 426 436 438 448 450 460 466 468 474 486 490 496 504 508 510 514 528 534 546 550 556 570 576 580 588 594 598 604 606 616 618 628 640 646 648 654 658 660 670 678 684 700 706 720 724 730 744 754
k=126 S=43634 greedy=43920 isgreedy=0 nopt=1 nodes=345302800 xlim=378 secs=112.55
  tuple: 0 4 6 10 16 18 24 28 30 34 40 46 48 54 60 66 70 76 84 88 94 96 100 108 114 118 126 130 136 138 144 150 154 156 160 166 174 180 184 186 196 198 208 210 214 228 238 240 244 250 258 264 268 270 276 280 286 304 306 310 318 334 336 340 346 348 360 364 370 378 384 390 394 408 418 420 424 426 436 438 448 450 460 466 468 474 486 490 496 504 508 510 514 528 534 546 550 556 570 576 580 588 594 598 604 606 616 618 628 640 646 648 654 658 660 670 678 684 700 706 720 724 730 744 754 756
k=127 S=44394 greedy=44696 isgreedy=0 nopt=1 nodes=409633689 xlim=380 secs=136.11
  tuple: 0 4 6 10 16 18 24 28 30 34 40 46 48 54 60 66 70 76 84 88 94 96 100 108 114 118 126 130 136 138 144 150 154 156 160 166 174 180 184 186 196 198 208 210 214 228 238 240 244 250 258 264 268 270 276 280 286 304 306 310 318 334 336 340 346 348 360 364 370 378 384 390 394 408 418 420 424 426 436 438 448 450 460 466 468 474 486 490 496 504 508 510 514 528 534 546 550 556 570 576 580 588 594 598 604 606 616 618 628 640 646 648 654 658 660 670 678 684 700 706 720 724 730 744 754 756 760
k=128 S=45168 greedy=45478 isgreedy=0 nopt=1 nodes=514558850 xlim=387 secs=181.63
  tuple: 0 4 6 10 16 18 24 28 30 34 40 46 48 54 60 66 70 76 84 88 94 96 100 108 114 118 126 130 136 138 144 150 154 156 160 166 174 180 184 186 196 198 208 210 214 228 238 240 244 250 258 264 268 270 276 280 286 304 306 310 318 334 336 340 346 348 360 364 370 378 384 390 394 408 418 420 424 426 436 438 448 450 460 466 468 474 486 490 496 504 508 510 514 528 534 546 550 556 570 576 580 588 594 598 604 606 616 618 628 640 646 648 654 658 660 670 678 684 700 706 720 724 730 744 754 756 760 774
k=129 S=45948 greedy=46276 isgreedy=0 nopt=1 nodes=639568963 xlim=390 secs=252.77
  tuple: 0 4 6 10 16 18 24 28 30 34 40 46 48 54 60 66 70 76 84 88 94 96 100 108 114 118 126 130 136 138 144 150 154 156 160 166 174 180 184 186 196 198 208 210 214 228 238 240 244 250 258 264 268 270 276 280 286 304 306 310 318 334 336 340 346 348 360 364 370 378 384 390 394 408 418 420 424 426 436 438 448 450 460 466 468 474 486 490 496 504 508 510 514 528 534 546 550 556 570 576 580 588 594 598 604 606 616 618 628 640 646 648 654 658 660 670 678 684 700 706 720 724 730 744 754 756 760 774 780
k=130 S=46744 greedy=47076 isgreedy=0 nopt=1 nodes=818885971 xlim=398 secs=325.02
  tuple: 0 4 6 10 16 18 24 28 30 34 40 46 48 54 60 66 70 76 84 88 94 96 100 108 114 118 126 130 136 138 144 150 154 156 160 166 174 180 184 186 196 198 208 210 214 228 238 240 244 250 258 264 268 270 276 280 286 304 306 310 318 334 336 340 346 348 360 364 370 378 384 390 394 408 418 420 424 426 436 438 448 450 460 466 468 474 486 490 496 504 508 510 514 528 534 546 550 556 570 576 580 588 594 598 604 606 616 618 628 640 646 648 654 658 660 670 678 684 700 706 720 724 730 744 754 756 760 774 780 796
k=131 S=47542 greedy=47888 isgreedy=0 nopt=1 nodes=997868998 xlim=399 secs=479.44
  tuple: 0 4 6 10 16 18 24 28 30 34 40 46 48 54 60 66 70 76 84 88 94 96 100 108 114 118 126 130 136 138 144 150 154 156 160 166 174 180 184 186 196 198 208 210 214 228 238 240 244 250 258 264 268 270 276 280 286 304 306 310 318 334 336 340 346 348 360 364 370 378 384 390 394 408 418 420 424 426 436 438 448 450 460 466 468 474 486 490 496 504 508 510 514 528 534 546 550 556 570 576 580 588 594 598 604 606 616 618 628 640 646 648 654 658 660 670 678 684 700 706 720 724 730 744 754 756 760 774 780 796 798
k=132 S=48348 greedy=48706 isgreedy=0 nopt=1 nodes=1191515391 xlim=404 secs=566.77
  tuple: 0 2 6 12 14 20 24 26 30 36 42 44 50 56 62 66 72 80 84 90 92 96 104 110 114 122 126 132 134 140 146 150 152 156 162 170 176 180 182 192 194 204 206 210 224 234 236 240 246 254 260 264 266 272 276 282 300 302 306 314 330 332 336 342 344 356 360 366 374 380 386 390 404 414 416 420 422 432 434 444 446 456 462 464 470 482 486 492 500 504 506 510 524 530 540 542 546 552 566 572 576 584 590 594 600 602 612 614 624 636 642 644 650 654 656 666 674 680 696 702 716 720 726 740 750 752 756 770 776 786 792 794
k=133 S=49152 greedy=49534 isgreedy=0 nopt=1 nodes=1352713571 xlim=402 secs=629.88
  tuple: 0 2 6 12 14 20 24 26 30 36 42 44 50 56 62 66 72 80 84 90 92 96 104 110 114 122 126 132 134 140 146 150 152 156 162 170 176 180 182 192 194 204 206 210 224 234 236 240 246 254 260 264 266 272 276 282 300 302 306 314 330 332 336 342 344 356 360 366 374 380 386 390 404 414 416 420 422 432 434 444 446 456 462 464 470 482 486 492 500 504 506 510 524 530 540 542 546 552 566 572 576 584 590 594 600 602 612 614 624 636 642 644 650 654 656 666 674 680 696 702 716 720 726 740 750 752 756 770 776 786 792 794 804
k=134 S=49958 greedy=50376 isgreedy=0 nopt=1 nodes=1512704984 xlim=403 secs=693.07
  tuple: 0 2 6 12 14 20 24 26 30 36 42 44 50 56 62 66 72 80 84 90 92 96 104 110 114 122 126 132 134 140 146 150 152 156 162 170 176 180 182 192 194 204 206 210 224 234 236 240 246 254 260 264 266 272 276 282 300 302 306 314 330 332 336 342 344 356 360 366 374 380 386 390 404 414 416 420 422 432 434 444 446 456 462 464 470 482 486 492 500 504 506 510 524 530 540 542 546 552 566 572 576 584 590 594 600 602 612 614 624 636 642 644 650 654 656 666 674 680 696 702 716 720 726 740 750 752 756 770 776 786 792 794 804 806
k=135 S=50770 greedy=51224 isgreedy=0 nopt=1 nodes=1685874060 xlim=406 secs=758.16
  tuple: 0 2 6 12 14 20 24 26 30 36 42 44 50 56 62 66 72 80 84 90 92 96 104 110 114 122 126 132 134 140 146 150 152 156 162 170 176 180 182 192 194 204 206 210 224 234 236 240 246 254 260 264 266 272 276 282 300 302 306 314 330 332 336 342 344 356 360 366 374 380 386 390 404 414 416 420 422 432 434 444 446 456 462 464 470 482 486 492 500 504 506 510 524 530 540 542 546 552 566 572 576 584 590 594 600 602 612 614 624 636 642 644 650 654 656 666 674 680 696 702 716 720 726 740 750 752 756 770 776 786 792 794 804 806 812
k=136 S=51592 greedy=52082 isgreedy=0 nopt=1 nodes=1903558867 xlim=411 secs=986.43
  tuple: 0 2 6 12 14 20 24 26 30 36 42 44 50 56 62 66 72 80 84 90 92 96 104 110 114 122 126 132 134 140 146 150 152 156 162 170 176 180 182 192 194 204 206 210 224 234 236 240 246 254 260 264 266 272 276 282 300 302 306 314 330 332 336 342 344 356 360 366 374 380 386 390 404 414 416 420 422 432 434 444 446 456 462 464 470 482 486 492 500 504 506 510 524 530 540 542 546 552 566 572 576 584 590 594 600 602 612 614 624 636 642 644 650 654 656 666 674 680 696 702 716 720 726 740 750 752 756 770 776 786 792 794 804 806 812 822
k=137 S=52428 greedy=52942 isgreedy=0 nopt=1 nodes=2216589249 xlim=418 secs=1020.94
  tuple: 0 2 6 12 14 20 24 26 30 36 42 44 50 56 62 66 72 80 84 90 92 96 104 110 114 122 126 132 134 140 146 150 152 156 162 170 176 180 182 192 194 204 206 210 224 234 236 240 246 254 260 264 266 272 276 282 300 302 306 314 330 332 336 342 344 356 360 366 374 380 386 390 404 414 416 420 422 432 434 444 446 456 462 464 470 482 486 492 500 504 506 510 524 530 540 542 546 552 566 572 576 584 590 594 600 602 612 614 624 636 642 644 650 654 656 666 674 680 696 702 716 720 726 740 750 752 756 770 776 786 792 794 804 806 812 822 836
k=138 S=53270 greedy=53812 isgreedy=0 nopt=1 nodes=2581671493 xlim=421 secs=1130.01
  tuple: 0 2 6 12 14 20 24 26 30 36 42 44 50 56 62 66 72 80 84 90 92 96 104 110 114 122 126 132 134 140 146 150 152 156 162 170 176 180 182 192 194 204 206 210 224 234 236 240 246 254 260 264 266 272 276 282 300 302 306 314 330 332 336 342 344 356 360 366 374 380 386 390 404 414 416 420 422 432 434 444 446 456 462 464 470 482 486 492 500 504 506 510 524 530 540 542 546 552 566 572 576 584 590 594 600 602 612 614 624 636 642 644 650 654 656 666 674 680 696 702 716 720 726 740 750 752 756 770 776 786 792 794 804 806 812 822 836 842
k=139 S=54122 greedy=54688 isgreedy=0 nopt=1 nodes=3023779651 xlim=426 secs=1175.10
  tuple: 0 2 6 12 14 20 24 26 30 36 42 44 50 56 62 66 72 80 84 90 92 96 104 110 114 122 126 132 134 140 146 150 152 156 162 170 176 180 182 192 194 204 206 210 224 234 236 240 246 254 260 264 266 272 276 282 300 302 306 314 330 332 336 342 344 356 360 366 374 380 386 390 404 414 416 420 422 432 434 444 446 456 462 464 470 482 486 492 500 504 506 510 524 530 540 542 546 552 566 572 576 584 590 594 600 602 612 614 624 636 642 644 650 654 656 666 674 680 696 702 716 720 726 740 750 752 756 770 776 786 792 794 804 806 812 822 836 842 852
k=140 S=54976 greedy=55570 isgreedy=0 nopt=1 nodes=3452217400 xlim=427 secs=1336.30
  tuple: 0 2 6 12 14 20 24 26 30 36 42 44 50 56 62 66 72 80 84 90 92 96 104 110 114 122 126 132 134 140 146 150 152 156 162 170 176 180 182 192 194 204 206 210 224 234 236 240 246 254 260 264 266 272 276 282 300 302 306 314 330 332 336 342 344 356 360 366 374 380 386 390 404 414 416 420 422 432 434 444 446 456 462 464 470 482 486 492 500 504 506 510 524 530 540 542 546 552 566 572 576 584 590 594 600 602 612 614 624 636 642 644 650 654 656 666 674 680 696 702 716 720 726 740 750 752 756 770 776 786 792 794 804 806 812 822 836 842 852 854
k=141 S=55840 greedy=56458 isgreedy=0 nopt=1 nodes=3912658493 xlim=432 secs=1480.34
  tuple: 0 2 6 12 14 20 24 26 30 36 42 44 50 56 62 66 72 80 84 90 92 96 104 110 114 122 126 132 134 140 146 150 152 156 162 170 176 180 182 192 194 204 206 210 224 234 236 240 246 254 260 264 266 272 276 282 300 302 306 314 330 332 336 342 344 356 360 366 374 380 386 390 404 414 416 420 422 432 434 444 446 456 462 464 470 482 486 492 500 504 506 510 524 530 540 542 546 552 566 572 576 584 590 594 600 602 612 614 624 636 642 644 650 654 656 666 674 680 696 702 716 720 726 740 750 752 756 770 776 786 792 794 804 806 812 822 836 842 852 854 864
k=142 S=56710 greedy=57348 isgreedy=0 nopt=1 nodes=4369773290 xlim=435 secs=1624.01
  tuple: 0 2 6 12 14 20 24 26 30 36 42 44 50 56 62 66 72 80 84 90 92 96 104 110 114 122 126 132 134 140 146 150 152 156 162 170 176 180 182 192 194 204 206 210 224 234 236 240 246 254 260 264 266 272 276 282 300 302 306 314 330 332 336 342 344 356 360 366 374 380 386 390 404 414 416 420 422 432 434 444 446 456 462 464 470 482 486 492 500 504 506 510 524 530 540 542 546 552 566 572 576 584 590 594 600 602 612 614 624 636 642 644 650 654 656 666 674 680 696 702 716 720 726 740 750 752 756 770 776 786 792 794 804 806 812 822 836 842 852 854 864 870
k=143 S=57586 greedy=58248 isgreedy=0 nopt=1 nodes=4858260628 xlim=438 secs=1815.30
  tuple: 0 2 6 12 14 20 24 26 30 36 42 44 50 56 62 66 72 80 84 90 92 96 104 110 114 122 126 132 134 140 146 150 152 156 162 170 176 180 182 192 194 204 206 210 224 234 236 240 246 254 260 264 266 272 276 282 300 302 306 314 330 332 336 342 344 356 360 366 374 380 386 390 404 414 416 420 422 432 434 444 446 456 462 464 470 482 486 492 500 504 506 510 524 530 540 542 546 552 566 572 576 584 590 594 600 602 612 614 624 636 642 644 650 654 656 666 674 680 696 702 716 720 726 740 750 752 756 770 776 786 792 794 804 806 812 822 836 842 852 854 864 870 876
k=144 S=58470 greedy=59160 isgreedy=0 nopt=1 nodes=5480886042 xlim=442 secs=2108.37
  tuple: 0 2 6 12 14 20 24 26 30 36 42 44 50 56 62 66 72 80 84 90 92 96 104 110 114 122 126 132 134 140 146 150 152 156 162 170 176 180 182 192 194 204 206 210 224 234 236 240 246 254 260 264 266 272 276 282 300 302 306 314 330 332 336 342 344 356 360 366 374 380 386 390 404 414 416 420 422 432 434 444 446 456 462 464 470 482 486 492 500 504 506 510 524 530 540 542 546 552 566 572 576 584 590 594 600 602 612 614 624 636 642 644 650 654 656 666 674 680 696 702 716 720 726 740 750 752 756 770 776 786 792 794 804 806 812 822 836 842 852 854 864 870 876 884
k=145 S=59364 greedy=60086 isgreedy=0 nopt=1 nodes=6333774736 xlim=447 secs=2481.57
  tuple: 0 2 6 12 14 20 24 26 30 36 42 44 50 56 62 66 72 80 84 90 92 96 104 110 114 122 126 132 134 140 146 150 152 156 162 170 176 180 182 192 194 204 206 210 224 234 236 240 246 254 260 264 266 272 276 282 300 302 306 314 330 332 336 342 344 356 360 366 374 380 386 390 404 414 416 420 422 432 434 444 446 456 462 464 470 482 486 492 500 504 506 510 524 530 540 542 546 552 566 572 576 584 590 594 600 602 612 614 624 636 642 644 650 654 656 666 674 680 696 702 716 720 726 740 750 752 756 770 776 786 792 794 804 806 812 822 836 842 852 854 864 870 876 884 894
k=146 S=60270 greedy=61016 isgreedy=0 nopt=1 nodes=7471811937 xlim=453 secs=2966.10
  tuple: 0 2 6 12 14 20 24 26 30 36 42 44 50 56 62 66 72 80 84 90 92 96 104 110 114 122 126 132 134 140 146 150 152 156 162 170 176 180 182 192 194 204 206 210 224 234 236 240 246 254 260 264 266 272 276 282 300 302 306 314 330 332 336 342 344 356 360 366 374 380 386 390 404 414 416 420 422 432 434 444 446 456 462 464 470 482 486 492 500 504 506 510 524 530 540 542 546 552 566 572 576 584 590 594 600 602 612 614 624 636 642 644 650 654 656 666 674 680 696 702 716 720 726 740 750 752 756 770 776 786 792 794 804 806 812 822 836 842 852 854 864 870 876 884 894 906
k=147 S=61190 greedy=61952 isgreedy=0 nopt=1 nodes=9014197009 xlim=460 secs=3583.02
  tuple: 0 2 6 12 14 20 24 26 30 36 42 44 50 56 62 66 72 80 84 90 92 96 104 110 114 122 126 132 134 140 146 150 152 156 162 170 176 180 182 192 194 204 206 210 224 234 236 240 246 254 260 264 266 272 276 282 300 302 306 314 330 332 336 342 344 356 360 366 374 380 386 390 404 414 416 420 422 432 434 444 446 456 462 464 470 482 486 492 500 504 506 510 524 530 540 542 546 552 566 572 576 584 590 594 600 602 612 614 624 636 642 644 650 654 656 666 674 680 696 702 716 720 726 740 750 752 756 770 776 786 792 794 804 806 812 822 836 842 852 854 864 870 876 884 894 906 920
