k=1 S=0 greedy=0 nopt=1 nodes=1 xlim=1 secs=0.00
  tuple: 0
k=2 S=2 greedy=2 nopt=1 nodes=1 xlim=1 secs=0.00
  tuple: 0 2
k=3 S=8 greedy=8 nopt=1 nodes=2 xlim=3 secs=0.00
  tuple: 0 2 6
k=4 S=16 greedy=16 nopt=1 nodes=2 xlim=4 secs=0.00
  tuple: 0 2 6 8
k=5 S=28 greedy=28 nopt=1 nodes=3 xlim=6 secs=0.00
  tuple: 0 2 6 8 12
k=6 S=46 greedy=46 nopt=1 nodes=3 xlim=9 secs=0.00
  tuple: 0 2 6 8 12 18
k=7 S=66 greedy=66 nopt=1 nodes=5 xlim=10 secs=0.00
  tuple: 0 2 6 8 12 18 20
k=8 S=92 greedy=92 nopt=1 nodes=5 xlim=13 secs=0.00
  tuple: 0 2 6 8 12 18 20 26
k=9 S=122 greedy=122 nopt=1 nodes=5 xlim=15 secs=0.00
  tuple: 0 2 6 8 12 18 20 26 30
k=10 S=154 greedy=154 nopt=1 nodes=5 xlim=16 secs=0.00
  tuple: 0 2 6 8 12 18 20 26 30 32
k=11 S=190 greedy=190 nopt=1 nodes=6 xlim=18 secs=0.00
  tuple: 0 2 6 8 12 18 20 26 30 32 36
k=12 S=232 greedy=232 nopt=1 nodes=6 xlim=21 secs=0.00
  tuple: 0 2 6 8 12 18 20 26 30 32 36 42
k=13 S=280 greedy=280 nopt=1 nodes=8 xlim=24 secs=0.00
  tuple: 0 2 6 8 12 18 20 26 30 32 36 42 48
k=14 S=330 greedy=330 nopt=1 nodes=8 xlim=25 secs=0.00
  tuple: 0 2 6 8 12 18 20 26 30 32 36 42 48 50
k=15 S=386 greedy=386 nopt=1 nodes=9 xlim=28 secs=0.00
  tuple: 0 2 6 8 12 18 20 26 30 32 36 42 48 50 56
k=16 S=448 greedy=448 nopt=1 nodes=10 xlim=31 secs=0.00
  tuple: 0 2 6 8 12 18 20 26 30 32 36 42 48 50 56 62
k=17 S=516 greedy=516 nopt=1 nodes=12 xlim=34 secs=0.00
  tuple: 0 2 6 8 12 18 20 26 30 32 36 42 48 50 56 62 68
k=18 S=588 greedy=588 nopt=1 nodes=12 xlim=36 secs=0.00
  tuple: 0 2 6 8 12 18 20 26 30 32 36 42 48 50 56 62 68 72
k=19 S=666 greedy=666 nopt=1 nodes=15 xlim=39 secs=0.00
  tuple: 0 2 6 8 12 18 20 26 30 32 36 42 48 50 56 62 68 72 78
k=20 S=752 greedy=752 nopt=1 nodes=16 xlim=43 secs=0.00
  tuple: 0 2 6 8 12 18 20 26 30 32 36 42 48 50 56 62 68 72 78 86
k=21 S=842 greedy=842 nopt=1 nodes=16 xlim=45 secs=0.00
  tuple: 0 2 6 8 12 18 20 26 30 32 36 42 48 50 56 62 68 72 78 86 90
k=22 S=938 greedy=938 nopt=1 nodes=16 xlim=48 secs=0.00
  tuple: 0 2 6 8 12 18 20 26 30 32 36 42 48 50 56 62 68 72 78 86 90 96
k=23 S=1036 greedy=1036 nopt=1 nodes=19 xlim=49 secs=0.00
  tuple: 0 2 6 8 12 18 20 26 30 32 36 42 48 50 56 62 68 72 78 86 90 96 98
k=24 S=1138 greedy=1138 nopt=1 nodes=19 xlim=51 secs=0.00
  tuple: 0 2 6 8 12 18 20 26 30 32 36 42 48 50 56 62 68 72 78 86 90 96 98 102
k=25 S=1248 greedy=1248 nopt=1 nodes=23 xlim=55 secs=0.00
  tuple: 0 2 6 8 12 18 20 26 30 32 36 42 48 50 56 62 68 72 78 86 90 96 98 102 110
k=26 S=1364 greedy=1364 nopt=1 nodes=25 xlim=58 secs=0.00
  tuple: 0 2 6 8 12 18 20 26 30 32 36 42 48 50 56 62 68 72 78 86 90 96 98 102 110 116
k=27 S=1484 greedy=1484 nopt=1 nodes=28 xlim=60 secs=0.00
  tuple: 0 2 6 8 12 18 20 26 30 32 36 42 48 50 56 62 68 72 78 86 90 96 98 102 110 116 120
k=28 S=1612 greedy=1612 nopt=1 nodes=34 xlim=64 secs=0.00
  tuple: 0 2 6 8 12 18 20 26 30 32 36 42 48 50 56 62 68 72 78 86 90 96 98 102 110 116 120 128
k=29 S=1744 greedy=1744 nopt=1 nodes=38 xlim=66 secs=0.00
  tuple: 0 2 6 8 12 18 20 26 30 32 36 42 48 50 56 62 68 72 78 86 90 96 98 102 110 116 120 128 132
k=30 S=1882 greedy=1882 nopt=1 nodes=42 xlim=69 secs=0.00
  tuple: 0 2 6 8 12 18 20 26 30 32 36 42 48 50 56 62 68 72 78 86 90 96 98 102 110 116 120 128 132 138
k=31 S=2022 greedy=2022 nopt=1 nodes=44 xlim=70 secs=0.00
  tuple: 0 2 6 8 12 18 20 26 30 32 36 42 48 50 56 62 68 72 78 86 90 96 98 102 110 116 120 128 132 138 140
k=32 S=2168 greedy=2168 nopt=1 nodes=48 xlim=73 secs=0.00
  tuple: 0 2 6 8 12 18 20 26 30 32 36 42 48 50 56 62 68 72 78 86 90 96 98 102 110 116 120 128 132 138 140 146
k=33 S=2320 greedy=2320 nopt=1 nodes=52 xlim=76 secs=0.00
  tuple: 0 2 6 8 12 18 20 26 30 32 36 42 48 50 56 62 68 72 78 86 90 96 98 102 110 116 120 128 132 138 140 146 152
k=34 S=2476 greedy=2476 nopt=1 nodes=54 xlim=78 secs=0.00
  tuple: 0 2 6 8 12 18 20 26 30 32 36 42 48 50 56 62 68 72 78 86 90 96 98 102 110 116 120 128 132 138 140 146 152 156
k=35 S=2634 greedy=2634 nopt=1 nodes=55 xlim=79 secs=0.00
  tuple: 0 2 6 8 12 18 20 26 30 32 36 42 48 50 56 62 68 72 78 86 90 96 98 102 110 116 120 128 132 138 140 146 152 156 158
k=36 S=2796 greedy=2796 nopt=1 nodes=58 xlim=81 secs=0.00
  tuple: 0 2 6 8 12 18 20 26 30 32 36 42 48 50 56 62 68 72 78 86 90 96 98 102 110 116 120 128 132 138 140 146 152 156 158 162
k=37 S=2964 greedy=2964 nopt=1 nodes=61 xlim=84 secs=0.00
  tuple: 0 2 6 8 12 18 20 26 30 32 36 42 48 50 56 62 68 72 78 86 90 96 98 102 110 116 120 128 132 138 140 146 152 156 158 162 168
k=38 S=3140 greedy=3140 nopt=1 nodes=65 xlim=88 secs=0.00
  tuple: 0 2 6 8 12 18 20 26 30 32 36 42 48 50 56 62 68 72 78 86 90 96 98 102 110 116 120 128 132 138 140 146 152 156 158 162 168 176
k=39 S=3322 greedy=3322 nopt=1 nodes=68 xlim=91 secs=0.00
  tuple: 0 2 6 8 12 18 20 26 30 32 36 42 48 50 56 62 68 72 78 86 90 96 98 102 110 116 120 128 132 138 140 146 152 156 158 162 168 176 182
k=40 S=3508 greedy=3508 nopt=1 nodes=72 xlim=93 secs=0.00
  tuple: 0 2 6 8 12 18 20 26 30 32 36 42 48 50 56 62 68 72 78 86 90 96 98 102 110 116 120 128 132 138 140 146 152 156 158 162 168 176 182 186
k=41 S=3696 greedy=3696 nopt=1 nodes=74 xlim=94 secs=0.00
  tuple: 0 2 6 8 12 18 20 26 30 32 36 42 48 50 56 62 68 72 78 86 90 96 98 102 110 116 120 128 132 138 140 146 152 156 158 162 168 176 182 186 188
k=42 S=3894 greedy=3894 nopt=1 nodes=81 xlim=99 secs=0.00
  tuple: 0 2 6 8 12 18 20 26 30 32 36 42 48 50 56 62 68 72 78 86 90 96 98 102 110 116 120 128 132 138 140 146 152 156 158 162 168 176 182 186 188 198
k=43 S=4094 greedy=4094 nopt=1 nodes=82 xlim=100 secs=0.00
  tuple: 0 2 6 8 12 18 20 26 30 32 36 42 48 50 56 62 68 72 78 86 90 96 98 102 110 116 120 128 132 138 140 146 152 156 158 162 168 176 182 186 188 198 200
k=44 S=4304 greedy=4304 nopt=1 nodes=89 xlim=105 secs=0.00
  tuple: 0 2 6 8 12 18 20 26 30 32 36 42 48 50 56 62 68 72 78 86 90 96 98 102 110 116 120 128 132 138 140 146 152 156 158 162 168 176 182 186 188 198 200 210
k=45 S=4516 greedy=4516 nopt=1 nodes=92 xlim=106 secs=0.00
  tuple: 0 2 6 8 12 18 20 26 30 32 36 42 48 50 56 62 68 72 78 86 90 96 98 102 110 116 120 128 132 138 140 146 152 156 158 162 168 176 182 186 188 198 200 210 212
k=46 S=4732 greedy=4732 nopt=1 nodes=93 xlim=108 secs=0.00
  tuple: 0 2 6 8 12 18 20 26 30 32 36 42 48 50 56 62 68 72 78 86 90 96 98 102 110 116 120 128 132 138 140 146 152 156 158 162 168 176 182 186 188 198 200 210 212 216
k=47 S=4962 greedy=4962 nopt=1 nodes=98 xlim=115 secs=0.00
  tuple: 0 2 6 8 12 18 20 26 30 32 36 42 48 50 56 62 68 72 78 86 90 96 98 102 110 116 120 128 132 138 140 146 152 156 158 162 168 176 182 186 188 198 200 210 212 216 230
k=48 S=5202 greedy=5202 nopt=1 nodes=103 xlim=120 secs=0.00
  tuple: 0 2 6 8 12 18 20 26 30 32 36 42 48 50 56 62 68 72 78 86 90 96 98 102 110 116 120 128 132 138 140 146 152 156 158 162 168 176 182 186 188 198 200 210 212 216 230 240
k=49 S=5444 greedy=5444 nopt=1 nodes=109 xlim=121 secs=0.00
  tuple: 0 2 6 8 12 18 20 26 30 32 36 42 48 50 56 62 68 72 78 86 90 96 98 102 110 116 120 128 132 138 140 146 152 156 158 162 168 176 182 186 188 198 200 210 212 216 230 240 242
k=50 S=5690 greedy=5690 nopt=1 nodes=113 xlim=123 secs=0.00
  tuple: 0 2 6 8 12 18 20 26 30 32 36 42 48 50 56 62 68 72 78 86 90 96 98 102 110 116 120 128 132 138 140 146 152 156 158 162 168 176 182 186 188 198 200 210 212 216 230 240 242 246
k=51 S=5942 greedy=5942 nopt=1 nodes=124 xlim=126 secs=0.00
  tuple: 0 2 6 8 12 18 20 26 30 32 36 42 48 50 56 62 68 72 78 86 90 96 98 102 110 116 120 128 132 138 140 146 152 156 158 162 168 176 182 186 188 198 200 210 212 216 230 240 242 246 252
k=52 S=6202 greedy=6202 nopt=1 nodes=138 xlim=130 secs=0.00
  tuple: 0 2 6 8 12 18 20 26 30 32 36 42 48 50 56 62 68 72 78 86 90 96 98 102 110 116 120 128 132 138 140 146 152 156 158 162 168 176 182 186 188 198 200 210 212 216 230 240 242 246 252 260
k=53 S=6468 greedy=6468 nopt=1 nodes=153 xlim=133 secs=0.00
  tuple: 0 2 6 8 12 18 20 26 30 32 36 42 48 50 56 62 68 72 78 86 90 96 98 102 110 116 120 128 132 138 140 146 152 156 158 162 168 176 182 186 188 198 200 210 212 216 230 240 242 246 252 260 266
k=54 S=6738 greedy=6738 nopt=1 nodes=172 xlim=135 secs=0.00
  tuple: 0 2 6 8 12 18 20 26 30 32 36 42 48 50 56 62 68 72 78 86 90 96 98 102 110 116 120 128 132 138 140 146 152 156 158 162 168 176 182 186 188 198 200 210 212 216 230 240 242 246 252 260 266 270
k=55 S=7010 greedy=7010 nopt=1 nodes=186 xlim=136 secs=0.00
  tuple: 0 2 6 8 12 18 20 26 30 32 36 42 48 50 56 62 68 72 78 86 90 96 98 102 110 116 120 128 132 138 140 146 152 156 158 162 168 176 182 186 188 198 200 210 212 216 230 240 242 246 252 260 266 270 272
k=56 S=7288 greedy=7288 nopt=1 nodes=195 xlim=139 secs=0.00
  tuple: 0 2 6 8 12 18 20 26 30 32 36 42 48 50 56 62 68 72 78 86 90 96 98 102 110 116 120 128 132 138 140 146 152 156 158 162 168 176 182 186 188 198 200 210 212 216 230 240 242 246 252 260 266 270 272 278
k=57 S=7570 greedy=7570 nopt=1 nodes=208 xlim=141 secs=0.00
  tuple: 0 2 6 8 12 18 20 26 30 32 36 42 48 50 56 62 68 72 78 86 90 96 98 102 110 116 120 128 132 138 140 146 152 156 158 162 168 176 182 186 188 198 200 210 212 216 230 240 242 246 252 260 266 270 272 278 282
k=58 S=7858 greedy=7858 nopt=1 nodes=218 xlim=144 secs=0.00
  tuple: 0 2 6 8 12 18 20 26 30 32 36 42 48 50 56 62 68 72 78 86 90 96 98 102 110 116 120 128 132 138 140 146 152 156 158 162 168 176 182 186 188 198 200 210 212 216 230 240 242 246 252 260 266 270 272 278 282 288
k=59 S=8164 greedy=8164 nopt=1 nodes=250 xlim=153 secs=0.00
  tuple: 0 2 6 8 12 18 20 26 30 32 36 42 48 50 56 62 68 72 78 86 90 96 98 102 110 116 120 128 132 138 140 146 152 156 158 162 168 176 182 186 188 198 200 210 212 216 230 240 242 246 252 260 266 270 272 278 282 288 306
k=60 S=8472 greedy=8472 nopt=1 nodes=272 xlim=154 secs=0.00
  tuple: 0 2 6 8 12 18 20 26 30 32 36 42 48 50 56 62 68 72 78 86 90 96 98 102 110 116 120 128 132 138 140 146 152 156 158 162 168 176 182 186 188 198 200 210 212 216 230 240 242 246 252 260 266 270 272 278 282 288 306 308
k=61 S=8784 greedy=8784 nopt=1 nodes=299 xlim=156 secs=0.00
  tuple: 0 2 6 8 12 18 20 26 30 32 36 42 48 50 56 62 68 72 78 86 90 96 98 102 110 116 120 128 132 138 140 146 152 156 158 162 168 176 182 186 188 198 200 210 212 216 230 240 242 246 252 260 266 270 272 278 282 288 306 308 312
k=62 S=9104 greedy=9104 nopt=1 nodes=328 xlim=160 secs=0.00
  tuple: 0 2 6 8 12 18 20 26 30 32 36 42 48 50 56 62 68 72 78 86 90 96 98 102 110 116 120 128 132 138 140 146 152 156 158 162 168 176 182 186 188 198 200 210 212 216 230 240 242 246 252 260 266 270 272 278 282 288 306 308 312 320
k=63 S=9440 greedy=9440 nopt=1 nodes=370 xlim=168 secs=0.00
  tuple: 0 2 6 8 12 18 20 26 30 32 36 42 48 50 56 62 68 72 78 86 90 96 98 102 110 116 120 128 132 138 140 146 152 156 158 162 168 176 182 186 188 198 200 210 212 216 230 240 242 246 252 260 266 270 272 278 282 288 306 308 312 320 336
k=64 S=9778 greedy=9778 nopt=1 nodes=406 xlim=169 secs=0.00
  tuple: 0 2 6 8 12 18 20 26 30 32 36 42 48 50 56 62 68 72 78 86 90 96 98 102 110 116 120 128 132 138 140 146 152 156 158 162 168 176 182 186 188 198 200 210 212 216 230 240 242 246 252 260 266 270 272 278 282 288 306 308 312 320 336 338
k=65 S=10120 greedy=10120 nopt=1 nodes=441 xlim=171 secs=0.00
  tuple: 0 2 6 8 12 18 20 26 30 32 36 42 48 50 56 62 68 72 78 86 90 96 98 102 110 116 120 128 132 138 140 146 152 156 158 162 168 176 182 186 188 198 200 210 212 216 230 240 242 246 252 260 266 270 272 278 282 288 306 308 312 320 336 338 342
k=66 S=10468 greedy=10468 nopt=1 nodes=475 xlim=174 secs=0.00
  tuple: 0 2 6 8 12 18 20 26 30 32 36 42 48 50 56 62 68 72 78 86 90 96 98 102 110 116 120 128 132 138 140 146 152 156 158 162 168 176 182 186 188 198 200 210 212 216 230 240 242 246 252 260 266 270 272 278 282 288 306 308 312 320 336 338 342 348
k=67 S=10818 greedy=10818 nopt=1 nodes=508 xlim=175 secs=0.00
  tuple: 0 2 6 8 12 18 20 26 30 32 36 42 48 50 56 62 68 72 78 86 90 96 98 102 110 116 120 128 132 138 140 146 152 156 158 162 168 176 182 186 188 198 200 210 212 216 230 240 242 246 252 260 266 270 272 278 282 288 306 308 312 320 336 338 342 348 350
k=68 S=11180 greedy=11180 nopt=1 nodes=543 xlim=181 secs=0.00
  tuple: 0 2 6 8 12 18 20 26 30 32 36 42 48 50 56 62 68 72 78 86 90 96 98 102 110 116 120 128 132 138 140 146 152 156 158 162 168 176 182 186 188 198 200 210 212 216 230 240 242 246 252 260 266 270 272 278 282 288 306 308 312 320 336 338 342 348 350 362
k=69 S=11552 greedy=11552 nopt=1 nodes=574 xlim=186 secs=0.00
  tuple: 0 2 6 8 12 18 20 26 30 32 36 42 48 50 56 62 68 72 78 86 90 96 98 102 110 116 120 128 132 138 140 146 152 156 158 162 168 176 182 186 188 198 200 210 212 216 230 240 242 246 252 260 266 270 272 278 282 288 306 308 312 320 336 338 342 348 350 362 372
k=70 S=11932 greedy=11932 nopt=1 nodes=610 xlim=190 secs=0.00
  tuple: 0 2 6 8 12 18 20 26 30 32 36 42 48 50 56 62 68 72 78 86 90 96 98 102 110 116 120 128 132 138 140 146 152 156 158 162 168 176 182 186 188 198 200 210 212 216 230 240 242 246 252 260 266 270 272 278 282 288 306 308 312 320 336 338 342 348 350 362 372 380
k=71 S=12318 greedy=12318 nopt=1 nodes=655 xlim=193 secs=0.00
  tuple: 0 2 6 8 12 18 20 26 30 32 36 42 48 50 56 62 68 72 78 86 90 96 98 102 110 116 120 128 132 138 140 146 152 156 158 162 168 176 182 186 188 198 200 210 212 216 230 240 242 246 252 260 266 270 272 278 282 288 306 308 312 320 336 338 342 348 350 362 372 380 386
k=72 S=12710 greedy=12710 nopt=1 nodes=701 xlim=196 secs=0.00
  tuple: 0 2 6 8 12 18 20 26 30 32 36 42 48 50 56 62 68 72 78 86 90 96 98 102 110 116 120 128 132 138 140 146 152 156 158 162 168 176 182 186 188 198 200 210 212 216 230 240 242 246 252 260 266 270 272 278 282 288 306 308 312 320 336 338 342 348 350 362 372 380 386 392
k=73 S=13106 greedy=13106 nopt=1 nodes=746 xlim=198 secs=0.00
  tuple: 0 2 6 8 12 18 20 26 30 32 36 42 48 50 56 62 68 72 78 86 90 96 98 102 110 116 120 128 132 138 140 146 152 156 158 162 168 176 182 186 188 198 200 210 212 216 230 240 242 246 252 260 266 270 272 278 282 288 306 308 312 320 336 338 342 348 350 362 372 380 386 392 396
k=74 S=13516 greedy=13516 nopt=1 nodes=802 xlim=205 secs=0.00
  tuple: 0 2 6 8 12 18 20 26 30 32 36 42 48 50 56 62 68 72 78 86 90 96 98 102 110 116 120 128 132 138 140 146 152 156 158 162 168 176 182 186 188 198 200 210 212 216 230 240 242 246 252 260 266 270 272 278 282 288 306 308 312 320 336 338 342 348 350 362 372 380 386 392 396 410
k=75 S=13936 greedy=13936 nopt=1 nodes=882 xlim=210 secs=0.00
  tuple: 0 2 6 8 12 18 20 26 30 32 36 42 48 50 56 62 68 72 78 86 90 96 98 102 110 116 120 128 132 138 140 146 152 156 158 162 168 176 182 186 188 198 200 210 212 216 230 240 242 246 252 260 266 270 272 278 282 288 306 308 312 320 336 338 342 348 350 362 372 380 386 392 396 410 420
k=76 S=14358 greedy=14358 nopt=1 nodes=949 xlim=211 secs=0.01
  tuple: 0 2 6 8 12 18 20 26 30 32 36 42 48 50 56 62 68 72 78 86 90 96 98 102 110 116 120 128 132 138 140 146 152 156 158 162 168 176 182 186 188 198 200 210 212 216 230 240 242 246 252 260 266 270 272 278 282 288 306 308 312 320 336 338 342 348 350 362 372 380 386 392 396 410 420 422
k=77 S=14784 greedy=14784 nopt=1 nodes=1060 xlim=213 secs=0.01
  tuple: 0 2 6 8 12 18 20 26 30 32 36 42 48 50 56 62 68 72 78 86 90 96 98 102 110 116 120 128 132 138 140 146 152 156 158 162 168 176 182 186 188 198 200 210 212 216 230 240 242 246 252 260 266 270 272 278 282 288 306 308 312 320 336 338 342 348 350 362 372 380 386 392 396 410 420 422 426
k=78 S=15212 greedy=15212 nopt=1 nodes=1161 xlim=214 secs=0.01
  tuple: 0 2 6 8 12 18 20 26 30 32 36 42 48 50 56 62 68 72 78 86 90 96 98 102 110 116 120 128 132 138 140 146 152 156 158 162 168 176 182 186 188 198 200 210 212 216 230 240 242 246 252 260 266 270 272 278 282 288 306 308 312 320 336 338 342 348 350 362 372 380 386 392 396 410 420 422 426 428
k=79 S=15650 greedy=15650 nopt=1 nodes=1305 xlim=219 secs=0.01
  tuple: 0 2 6 8 12 18 20 26 30 32 36 42 48 50 56 62 68 72 78 86 90 96 98 102 110 116 120 128 132 138 140 146 152 156 158 162 168 176 182 186 188 198 200 210 212 216 230 240 242 246 252 260 266 270 272 278 282 288 306 308 312 320 336 338 342 348 350 362 372 380 386 392 396 410 420 422 426 428 438
k=80 S=16100 greedy=16100 nopt=1 nodes=1476 xlim=225 secs=0.01
  tuple: 0 2 6 8 12 18 20 26 30 32 36 42 48 50 56 62 68 72 78 86 90 96 98 102 110 116 120 128 132 138 140 146 152 156 158 162 168 176 182 186 188 198 200 210 212 216 230 240 242 246 252 260 266 270 272 278 282 288 306 308 312 320 336 338 342 348 350 362 372 380 386 392 396 410 420 422 426 428 438 450
k=81 S=16552 greedy=16552 nopt=1 nodes=1661 xlim=226 secs=0.01
  tuple: 0 2 6 8 12 18 20 26 30 32 36 42 48 50 56 62 68 72 78 86 90 96 98 102 110 116 120 128 132 138 140 146 152 156 158 162 168 176 182 186 188 198 200 210 212 216 230 240 242 246 252 260 266 270 272 278 282 288 306 308 312 320 336 338 342 348 350 362 372 380 386 392 396 410 420 422 426 428 438 450 452
k=82 S=17014 greedy=17014 nopt=1 nodes=1843 xlim=231 secs=0.01
  tuple: 0 2 6 8 12 18 20 26 30 32 36 42 48 50 56 62 68 72 78 86 90 96 98 102 110 116 120 128 132 138 140 146 152 156 158 162 168 176 182 186 188 198 200 210 212 216 230 240 242 246 252 260 266 270 272 278 282 288 306 308 312 320 336 338 342 348 350 362 372 380 386 392 396 410 420 422 426 428 438 450 452 462
k=83 S=17482 greedy=17482 nopt=1 nodes=2069 xlim=234 secs=0.01
  tuple: 0 2 6 8 12 18 20 26 30 32 36 42 48 50 56 62 68 72 78 86 90 96 98 102 110 116 120 128 132 138 140 146 152 156 158 162 168 176 182 186 188 198 200 210 212 216 230 240 242 246 252 260 266 270 272 278 282 288 306 308 312 320 336 338 342 348 350 362 372 380 386 392 396 410 420 422 426 428 438 450 452 462 468
k=84 S=17952 greedy=17952 nopt=1 nodes=2297 xlim=235 secs=0.01
  tuple: 0 2 6 8 12 18 20 26 30 32 36 42 48 50 56 62 68 72 78 86 90 96 98 102 110 116 120 128 132 138 140 146 152 156 158 162 168 176 182 186 188 198 200 210 212 216 230 240 242 246 252 260 266 270 272 278 282 288 306 308 312 320 336 338 342 348 350 362 372 380 386 392 396 410 420 422 426 428 438 450 452 462 468 470
k=85 S=18428 greedy=18428 nopt=1 nodes=2540 xlim=238 secs=0.02
  tuple: 0 2 6 8 12 18 20 26 30 32 36 42 48 50 56 62 68 72 78 86 90 96 98 102 110 116 120 128 132 138 140 146 152 156 158 162 168 176 182 186 188 198 200 210 212 216 230 240 242 246 252 260 266 270 272 278 282 288 306 308 312 320 336 338 342 348 350 362 372 380 386 392 396 410 420 422 426 428 438 450 452 462 468 470 476
k=86 S=18916 greedy=18916 nopt=1 nodes=2838 xlim=244 secs=0.02
  tuple: 0 2 6 8 12 18 20 26 30 32 36 42 48 50 56 62 68 72 78 86 90 96 98 102 110 116 120 128 132 138 140 146 152 156 158 162 168 176 182 186 188 198 200 210 212 216 230 240 242 246 252 260 266 270 272 278 282 288 306 308 312 320 336 338 342 348 350 362 372 380 386 392 396 410 420 422 426 428 438 450 452 462 468 470 476 488
k=87 S=19408 greedy=19408 nopt=1 nodes=3135 xlim=246 secs=0.02
  tuple: 0 2 6 8 12 18 20 26 30 32 36 42 48 50 56 62 68 72 78 86 90 96 98 102 110 116 120 128 132 138 140 146 152 156 158 162 168 176 182 186 188 198 200 210 212 216 230 240 242 246 252 260 266 270 272 278 282 288 306 308 312 320 336 338 342 348 350 362 372 380 386 392 396 410 420 422 426 428 438 450 452 462 468 470 476 488 492
k=88 S=19906 greedy=19906 nopt=1 nodes=3463 xlim=249 secs=0.02
  tuple: 0 2 6 8 12 18 20 26 30 32 36 42 48 50 56 62 68 72 78 86 90 96 98 102 110 116 120 128 132 138 140 146 152 156 158 162 168 176 182 186 188 198 200 210 212 216 230 240 242 246 252 260 266 270 272 278 282 288 306 308 312 320 336 338 342 348 350 362 372 380 386 392 396 410 420 422 426 428 438 450 452 462 468 470 476 488 492 498
k=89 S=20412 greedy=20412 nopt=1 nodes=3801 xlim=253 secs=0.03
  tuple: 0 2 6 8 12 18 20 26 30 32 36 42 48 50 56 62 68 72 78 86 90 96 98 102 110 116 120 128 132 138 140 146 152 156 158 162 168 176 182 186 188 198 200 210 212 216 230 240 242 246 252 260 266 270 272 278 282 288 306 308 312 320 336 338 342 348 350 362 372 380 386 392 396 410 420 422 426 428 438 450 452 462 468 470 476 488 492 498 506
k=90 S=20922 greedy=20922 nopt=1 nodes=4144 xlim=255 secs=0.03
  tuple: 0 2 6 8 12 18 20 26 30 32 36 42 48 50 56 62 68 72 78 86 90 96 98 102 110 116 120 128 132 138 140 146 152 156 158 162 168 176 182 186 188 198 200 210 212 216 230 240 242 246 252 260 266 270 272 278 282 288 306 308 312 320 336 338 342 348 350 362 372 380 386 392 396 410 420 422 426 428 438 450 452 462 468 470 476 488 492 498 506 510
k=91 S=21434 greedy=21434 nopt=1 nodes=4476 xlim=256 secs=0.03
  tuple: 0 2 6 8 12 18 20 26 30 32 36 42 48 50 56 62 68 72 78 86 90 96 98 102 110 116 120 128 132 138 140 146 152 156 158 162 168 176 182 186 188 198 200 210 212 216 230 240 242 246 252 260 266 270 272 278 282 288 306 308 312 320 336 338 342 348 350 362 372 380 386 392 396 410 420 422 426 428 438 450 452 462 468 470 476 488 492 498 506 510 512
k=92 S=21950 greedy=21950 nopt=1 nodes=4818 xlim=258 secs=0.04
  tuple: 0 2 6 8 12 18 20 26 30 32 36 42 48 50 56 62 68 72 78 86 90 96 98 102 110 116 120 128 132 138 140 146 152 156 158 162 168 176 182 186 188 198 200 210 212 216 230 240 242 246 252 260 266 270 272 278 282 288 306 308 312 320 336 338 342 348 350 362 372 380 386 392 396 410 420 422 426 428 438 450 452 462 468 470 476 488 492 498 506 510 512 516
k=93 S=22474 greedy=22480 nopt=1 nodes=5172 xlim=265 secs=0.04
  tuple: 0 2 6 8 12 18 20 26 30 32 36 42 48 50 56 62 68 72 78 86 90 96 98 102 110 116 120 128 132 138 140 146 152 156 158 162 168 176 182 186 188 198 200 210 212 216 230 240 242 246 252 260 266 270 272 278 288 306 308 312 320 336 338 342 348 350 362 366 372 380 386 392 396 410 420 422 426 428 438 440 450 452 462 468 470 476 488 492 498 506 510 512 516
k=94 S=23004 greedy=23016 nopt=1 nodes=5509 xlim=271 secs=0.04
  tuple: 0 2 6 8 12 18 20 26 30 32 36 42 48 50 56 62 68 72 78 86 90 96 98 102 110 116 120 128 132 138 140 146 152 156 158 162 168 176 182 186 188 198 200 210 212 216 230 240 242 246 252 260 266 270 272 278 288 306 308 312 320 336 338 342 348 350 362 366 372 380 386 392 396 410 420 422 426 428 438 440 450 452 462 468 470 476 488 492 498 506 510 512 516 530
k=95 S=23540 greedy=23564 nopt=1 nodes=5889 xlim=280 secs=0.05
  tuple: 0 2 6 8 12 18 20 26 30 32 36 42 48 50 56 62 68 72 78 86 90 96 98 102 110 116 120 128 132 138 140 146 152 156 158 162 168 176 182 186 188 198 200 210 212 216 230 240 242 246 252 260 266 270 272 278 288 306 308 312 320 336 338 342 348 350 362 366 372 380 386 392 396 410 420 422 426 428 438 440 450 452 462 468 470 476 488 492 498 506 510 512 516 530 536
k=96 S=24088 greedy=24116 nopt=1 nodes=6327 xlim=288 secs=0.05
  tuple: 0 2 6 8 12 18 20 26 30 32 36 42 48 50 56 62 68 72 78 86 90 96 98 102 110 116 120 128 132 138 140 146 152 156 158 162 168 176 182 186 188 198 200 210 212 216 230 240 242 246 252 260 266 270 272 278 288 306 308 312 320 336 338 342 348 350 362 366 372 380 386 392 396 410 420 422 426 428 438 440 450 452 462 468 470 476 488 492 498 506 510 512 516 530 536 548
k=97 S=24640 greedy=24674 nopt=1 nodes=6748 xlim=293 secs=0.06
  tuple: 0 2 6 8 12 18 20 26 30 32 36 42 48 50 56 62 68 72 78 86 90 96 98 102 110 116 120 128 132 138 140 146 152 156 158 162 168 176 182 186 188 198 200 210 212 216 230 240 242 246 252 260 266 270 272 278 288 306 308 312 320 336 338 342 348 350 362 366 372 380 386 392 396 410 420 422 426 428 438 440 450 452 462 468 470 476 488 492 498 506 510 512 516 530 536 548 552
k=98 S=25198 greedy=25246 nopt=1 nodes=7224 xlim=303 secs=0.06
  tuple: 0 2 6 8 12 18 20 26 30 32 36 42 48 50 56 62 68 72 78 86 90 96 98 102 110 116 120 128 132 138 140 146 152 156 158 162 168 176 182 186 188 198 200 210 212 216 230 240 242 246 252 260 266 270 272 278 288 306 308 312 320 336 338 342 348 350 362 366 372 380 386 392 396 410 420 422 426 428 438 440 450 452 462 468 470 476 488 492 498 506 510 512 516 530 536 548 552 558
k=99 S=25770 greedy=25824 nopt=1 nodes=7819 xlim=313 secs=0.07
  tuple: 0 2 6 8 12 18 20 26 30 32 36 42 48 50 56 62 68 72 78 86 90 96 98 102 110 116 120 128 132 138 140 146 152 156 158 162 168 176 182 186 188 198 200 210 212 216 230 240 242 246 252 260 266 270 272 278 288 306 308 312 320 336 338 342 348 350 362 366 372 380 386 392 396 410 420 422 426 428 438 440 450 452 462 468 470 476 488 492 498 506 510 512 516 530 536 548 552 558 572
k=100 S=26352 greedy=26406 nopt=1 nodes=8445 xlim=318 secs=0.07
  tuple: 0 2 6 8 12 18 20 26 30 32 36 42 48 50 56 62 68 72 78 86 90 96 98 102 110 116 120 128 132 138 140 146 152 156 158 162 168 176 182 186 188 198 200 210 212 216 230 240 242 246 252 260 266 270 272 278 288 306 308 312 320 336 338 342 348 350 362 366 372 380 386 392 396 410 420 422 426 428 438 440 450 452 462 468 470 476 488 492 498 506 510 512 516 530 536 548 552 558 572 582
k=101 S=26942 greedy=26996 nopt=1 nodes=9197 xlim=322 secs=0.07
  tuple: 0 2 6 8 12 18 20 26 30 32 36 42 48 50 56 62 68 72 78 86 90 96 98 102 110 116 120 128 132 138 140 146 152 156 158 162 168 176 182 186 188 198 200 210 212 216 230 240 242 246 252 260 266 270 272 278 288 306 308 312 320 336 338 342 348 350 362 366 372 380 386 392 396 410 420 422 426 428 438 440 450 452 462 468 470 476 488 492 498 506 510 512 516 530 536 548 552 558 572 582 590
k=102 S=27538 greedy=27592 nopt=1 nodes=9999 xlim=325 secs=0.08
  tuple: 0 2 6 8 12 18 20 26 30 32 36 42 48 50 56 62 68 72 78 86 90 96 98 102 110 116 120 128 132 138 140 146 152 156 158 162 168 176 182 186 188 198 200 210 212 216 230 240 242 246 252 260 266 270 272 278 288 306 308 312 320 336 338 342 348 350 362 366 372 380 386 392 396 410 420 422 426 428 438 440 450 452 462 468 470 476 488 492 498 506 510 512 516 530 536 548 552 558 572 582 590 596
k=103 S=28138 greedy=28192 nopt=1 nodes=10862 xlim=327 secs=0.09
  tuple: 0 2 6 8 12 18 20 26 30 32 36 42 48 50 56 62 68 72 78 86 90 96 98 102 110 116 120 128 132 138 140 146 152 156 158 162 168 176 182 186 188 198 200 210 212 216 230 240 242 246 252 260 266 270 272 278 288 306 308 312 320 336 338 342 348 350 362 366 372 380 386 392 396 410 420 422 426 428 438 440 450 452 462 468 470 476 488 492 498 506 510 512 516 530 536 548 552 558 572 582 590 596 600
k=104 S=28744 greedy=28798 nopt=1 nodes=11838 xlim=330 secs=0.10
  tuple: 0 2 6 8 12 18 20 26 30 32 36 42 48 50 56 62 68 72 78 86 90 96 98 102 110 116 120 128 132 138 140 146 152 156 158 162 168 176 182 186 188 198 200 210 212 216 230 240 242 246 252 260 266 270 272 278 288 306 308 312 320 336 338 342 348 350 362 366 372 380 386 392 396 410 420 422 426 428 438 440 450 452 462 468 470 476 488 492 498 506 510 512 516 530 536 548 552 558 572 582 590 596 600 606
k=105 S=29352 greedy=29406 nopt=1 nodes=12858 xlim=331 secs=0.11
  tuple: 0 2 6 8 12 18 20 26 30 32 36 42 48 50 56 62 68 72 78 86 90 96 98 102 110 116 120 128 132 138 140 146 152 156 158 162 168 176 182 186 188 198 200 210 212 216 230 240 242 246 252 260 266 270 272 278 288 306 308 312 320 336 338 342 348 350 362 366 372 380 386 392 396 410 420 422 426 428 438 440 450 452 462 468 470 476 488 492 498 506 510 512 516 530 536 548 552 558 572 582 590 596 600 606 608
k=106 S=29970 greedy=30024 nopt=1 nodes=14040 xlim=336 secs=0.13
  tuple: 0 2 6 8 12 18 20 26 30 32 36 42 48 50 56 62 68 72 78 86 90 96 98 102 110 116 120 128 132 138 140 146 152 156 158 162 168 176 182 186 188 198 200 210 212 216 230 240 242 246 252 260 266 270 272 278 288 306 308 312 320 336 338 342 348 350 362 366 372 380 386 392 396 410 420 422 426 428 438 440 450 452 462 468 470 476 488 492 498 506 510 512 516 530 536 548 552 558 572 582 590 596 600 606 608 618
k=107 S=30590 greedy=30644 nopt=1 nodes=15158 xlim=337 secs=0.13
  tuple: 0 2 6 8 12 18 20 26 30 32 36 42 48 50 56 62 68 72 78 86 90 96 98 102 110 116 120 128 132 138 140 146 152 156 158 162 168 176 182 186 188 198 200 210 212 216 230 240 242 246 252 260 266 270 272 278 288 306 308 312 320 336 338 342 348 350 362 366 372 380 386 392 396 410 420 422 426 428 438 440 450 452 462 468 470 476 488 492 498 506 510 512 516 530 536 548 552 558 572 582 590 596 600 606 608 618 620
k=108 S=31220 greedy=31274 nopt=1 nodes=16471 xlim=342 secs=0.16
  tuple: 0 2 6 8 12 18 20 26 30 32 36 42 48 50 56 62 68 72 78 86 90 96 98 102 110 116 120 128 132 138 140 146 152 156 158 162 168 176 182 186 188 198 200 210 212 216 230 240 242 246 252 260 266 270 272 278 288 306 308 312 320 336 338 342 348 350 362 366 372 380 386 392 396 410 420 422 426 428 438 440 450 452 462 468 470 476 488 492 498 506 510 512 516 530 536 548 552 558 572 582 590 596 600 606 608 618 620 630
k=109 S=31862 greedy=31916 nopt=2 nodes=18089 xlim=348 secs=0.22
  tuple: 0 2 6 8 12 18 20 26 30 32 36 42 48 50 56 62 68 72 78 86 90 96 98 102 110 116 120 128 132 138 140 146 152 156 158 162 168 176 182 186 188 198 200 210 212 216 230 240 242 246 252 260 266 270 272 278 288 306 308 312 320 336 338 342 348 350 362 366 372 380 386 392 396 410 420 422 426 428 438 440 450 452 462 468 470 476 488 492 498 506 510 512 516 530 536 548 552 558 572 582 590 596 600 606 608 618 620 630 642
  tuple: 0 4 6 10 16 18 24 28 30 34 40 46 48 54 60 66 70 76 84 88 94 96 100 108 114 118 126 130 136 138 144 150 154 156 160 166 174 180 184 186 196 198 208 210 214 228 238 240 244 250 258 264 268 270 276 280 286 304 306 310 318 334 336 340 346 348 360 364 370 378 384 390 394 408 418 420 424 426 436 438 448 450 460 466 468 474 486 490 496 504 508 510 514 528 534 546 550 556 570 576 580 588 594 598 604 606 616 618 628
k=110 S=32502 greedy=32564 nopt=1 nodes=19763 xlim=351 secs=0.24
  tuple: 0 4 6 10 16 18 24 28 30 34 40 46 48 54 60 66 70 76 84 88 94 96 100 108 114 118 126 130 136 138 144 150 154 156 160 166 174 180 184 186 196 198 208 210 214 228 238 240 244 250 258 264 268 270 276 280 286 304 306 310 318 334 336 340 346 348 360 364 370 378 384 390 394 408 418 420 424 426 436 438 448 450 460 466 468 474 486 490 496 504 508 510 514 528 534 546 550 556 570 576 580 588 594 598 604 606 616 618 628 640
k=111 S=33148 greedy=33214 nopt=1 nodes=21494 xlim=356 secs=0.22
  tuple: 0 4 6 10 16 18 24 28 30 34 40 46 48 54 60 66 70 76 84 88 94 96 100 108 114 118 126 130 136 138 144 150 154 156 160 166 174 180 184 186 196 198 208 210 214 228 238 240 244 250 258 264 268 270 276 280 286 304 306 310 318 334 336 340 346 348 360 364 370 378 384 390 394 408 418 420 424 426 436 438 448 450 460 466 468 474 486 490 496 504 508 510 514 528 534 546 550 556 570 576 580 588 594 598 604 606 616 618 628 640 646
k=112 S=33796 greedy=33870 nopt=1 nodes=23163 xlim=361 secs=0.25
  tuple: 0 4 6 10 16 18 24 28 30 34 40 46 48 54 60 66 70 76 84 88 94 96 100 108 114 118 126 130 136 138 144 150 154 156 160 166 174 180 184 186 196 198 208 210 214 228 238 240 244 250 258 264 268 270 276 280 286 304 306 310 318 334 336 340 346 348 360 364 370 378 384 390 394 408 418 420 424 426 436 438 448 450 460 466 468 474 486 490 496 504 508 510 514 528 534 546 550 556 570 576 580 588 594 598 604 606 616 618 628 640 646 648
k=113 S=34450 greedy=34530 nopt=1 nodes=24910 xlim=367 secs=0.26
  tuple: 0 4 6 10 16 18 24 28 30 34 40 46 48 54 60 66 70 76 84 88 94 96 100 108 114 118 126 130 136 138 144 150 154 156 160 166 174 180 184 186 196 198 208 210 214 228 238 240 244 250 258 264 268 270 276 280 286 304 306 310 318 334 336 340 346 348 360 364 370 378 384 390 394 408 418 420 424 426 436 438 448 450 460 466 468 474 486 490 496 504 508 510 514 528 534 546 550 556 570 576 580 588 594 598 604 606 616 618 628 640 646 648 654
k=114 S=35108 greedy=35202 nopt=1 nodes=26621 xlim=376 secs=0.27
  tuple: 0 4 6 10 16 18 24 28 30 34 40 46 48 54 60 66 70 76 84 88 94 96 100 108 114 118 126 130 136 138 144 150 154 156 160 166 174 180 184 186 196 198 208 210 214 228 238 240 244 250 258 264 268 270 276 280 286 304 306 310 318 334 336 340 346 348 360 364 370 378 384 390 394 408 418 420 424 426 436 438 448 450 460 466 468 474 486 490 496 504 508 510 514 528 534 546 550 556 570 576 580 588 594 598 604 606 616 618 628 640 646 648 654 658
k=115 S=35768 greedy=35882 nopt=1 nodes=28446 xlim=387 secs=0.31
  tuple: 0 4 6 10 16 18 24 28 30 34 40 46 48 54 60 66 70 76 84 88 94 96 100 108 114 118 126 130 136 138 144 150 154 156 160 166 174 180 184 186 196 198 208 210 214 228 238 240 244 250 258 264 268 270 276 280 286 304 306 310 318 334 336 340 346 348 360 364 370 378 384 390 394 408 418 420 424 426 436 438 448 450 460 466 468 474 486 490 496 504 508 510 514 528 534 546 550 556 570 576 580 588 594 598 604 606 616 618 628 640 646 648 654 658 660
k=116 S=36438 greedy=36568 nopt=1 nodes=30535 xlim=400 secs=0.36
  tuple: 0 4 6 10 16 18 24 28 30 34 40 46 48 54 60 66 70 76 84 88 94 96 100 108 114 118 126 130 136 138 144 150 154 156 160 166 174 180 184 186 196 198 208 210 214 228 238 240 244 250 258 264 268 270 276 280 286 304 306 310 318 334 336 340 346 348 360 364 370 378 384 390 394 408 418 420 424 426 436 438 448 450 460 466 468 474 486 490 496 504 508 510 514 528 534 546 550 556 570 576 580 588 594 598 604 606 616 618 628 640 646 648 654 658 660 670
k=117 S=37116 greedy=37270 nopt=1 nodes=32710 xlim=416 secs=0.42
  tuple: 0 4 6 10 16 18 24 28 30 34 40 46 48 54 60 66 70 76 84 88 94 96 100 108 114 118 126 130 136 138 144 150 154 156 160 166 174 180 184 186 196 198 208 210 214 228 238 240 244 250 258 264 268 270 276 280 286 304 306 310 318 334 336 340 346 348 360 364 370 378 384 390 394 408 418 420 424 426 436 438 448 450 460 466 468 474 486 490 496 504 508 510 514 528 534 546 550 556 570 576 580 588 594 598 604 606 616 618 628 640 646 648 654 658 660 670 678
k=118 S=37800 greedy=37978 nopt=1 nodes=35329 xlim=431 secs=0.43
  tuple: 0 4 6 10 16 18 24 28 30 34 40 46 48 54 60 66 70 76 84 88 94 96 100 108 114 118 126 130 136 138 144 150 154 156 160 166 174 180 184 186 196 198 208 210 214 228 238 240 244 250 258 264 268 270 276 280 286 304 306 310 318 334 336 340 346 348 360 364 370 378 384 390 394 408 418 420 424 426 436 438 448 450 460 466 468 474 486 490 496 504 508 510 514 528 534 546 550 556 570 576 580 588 594 598 604 606 616 618 628 640 646 648 654 658 660 670 678 684
k=119 S=38500 greedy=38700 nopt=1 nodes=38057 xlim=450 secs=0.47
  tuple: 0 4 6 10 16 18 24 28 30 34 40 46 48 54 60 66 70 76 84 88 94 96 100 108 114 118 126 130 136 138 144 150 154 156 160 166 174 180 184 186 196 198 208 210 214 228 238 240 244 250 258 264 268 270 276 280 286 304 306 310 318 334 336 340 346 348 360 364 370 378 384 390 394 408 418 420 424 426 436 438 448 450 460 466 468 474 486 490 496 504 508 510 514 528 534 546 550 556 570 576 580 588 594 598 604 606 616 618 628 640 646 648 654 658 660 670 678 684 700
k=120 S=39206 greedy=39426 nopt=1 nodes=41099 xlim=463 secs=0.48
  tuple: 0 4 6 10 16 18 24 28 30 34 40 46 48 54 60 66 70 76 84 88 94 96 100 108 114 118 126 130 136 138 144 150 154 156 160 166 174 180 184 186 196 198 208 210 214 228 238 240 244 250 258 264 268 270 276 280 286 304 306 310 318 334 336 340 346 348 360 364 370 378 384 390 394 408 418 420 424 426 436 438 448 450 460 466 468 474 486 490 496 504 508 510 514 528 534 546 550 556 570 576 580 588 594 598 604 606 616 618 628 640 646 648 654 658 660 670 678 684 700 706
k=121 S=39926 greedy=40158 nopt=1 nodes=44601 xlim=476 secs=0.57
  tuple: 0 4 6 10 16 18 24 28 30 34 40 46 48 54 60 66 70 76 84 88 94 96 100 108 114 118 126 130 136 138 144 150 154 156 160 166 174 180 184 186 196 198 208 210 214 228 238 240 244 250 258 264 268 270 276 280 286 304 306 310 318 334 336 340 346 348 360 364 370 378 384 390 394 408 418 420 424 426 436 438 448 450 460 466 468 474 486 490 496 504 508 510 514 528 534 546 550 556 570 576 580 588 594 598 604 606 616 618 628 640 646 648 654 658 660 670 678 684 700 706 720
k=122 S=40650 greedy=40898 nopt=1 nodes=48109 xlim=486 secs=0.62
  tuple: 0 4 6 10 16 18 24 28 30 34 40 46 48 54 60 66 70 76 84 88 94 96 100 108 114 118 126 130 136 138 144 150 154 156 160 166 174 180 184 186 196 198 208 210 214 228 238 240 244 250 258 264 268 270 276 280 286 304 306 310 318 334 336 340 346 348 360 364 370 378 384 390 394 408 418 420 424 426 436 438 448 450 460 466 468 474 486 490 496 504 508 510 514 528 534 546 550 556 570 576 580 588 594 598 604 606 616 618 628 640 646 648 654 658 660 670 678 684 700 706 720 724
k=123 S=41380 greedy=41644 nopt=1 nodes=51825 xlim=497 secs=0.64
  tuple: 0 4 6 10 16 18 24 28 30 34 40 46 48 54 60 66 70 76 84 88 94 96 100 108 114 118 126 130 136 138 144 150 154 156 160 166 174 180 184 186 196 198 208 210 214 228 238 240 244 250 258 264 268 270 276 280 286 304 306 310 318 334 336 340 346 348 360 364 370 378 384 390 394 408 418 420 424 426 436 438 448 450 460 466 468 474 486 490 496 504 508 510 514 528 534 546 550 556 570 576 580 588 594 598 604 606 616 618 628 640 646 648 654 658 660 670 678 684 700 706 720 724 730
k=124 S=42124 greedy=42400 nopt=1 nodes=56002 xlim=510 secs=0.77
  tuple: 0 4 6 10 16 18 24 28 30 34 40 46 48 54 60 66 70 76 84 88 94 96 100 108 114 118 126 130 136 138 144 150 154 156 160 166 174 180 184 186 196 198 208 210 214 228 238 240 244 250 258 264 268 270 276 280 286 304 306 310 318 334 336 340 346 348 360 364 370 378 384 390 394 408 418 420 424 426 436 438 448 450 460 466 468 474 486 490 496 504 508 510 514 528 534 546 550 556 570 576 580 588 594 598 604 606 616 618 628 640 646 648 654 658 660 670 678 684 700 706 720 724 730 744
k=125 S=42878 greedy=43158 nopt=1 nodes=60481 xlim=517 secs=0.82
  tuple: 0 4 6 10 16 18 24 28 30 34 40 46 48 54 60 66 70 76 84 88 94 96 100 108 114 118 126 130 136 138 144 150 154 156 160 166 174 180 184 186 196 198 208 210 214 228 238 240 244 250 258 264 268 270 276 280 286 304 306 310 318 334 336 340 346 348 360 364 370 378 384 390 394 408 418 420 424 426 436 438 448 450 460 466 468 474 486 490 496 504 508 510 514 528 534 546 550 556 570 576 580 588 594 598 604 606 616 618 628 640 646 648 654 658 660 670 678 684 700 706 720 724 730 744 754
k=126 S=43634 greedy=43920 nopt=1 nodes=64862 xlim=521 secs=0.83
  tuple: 0 4 6 10 16 18 24 28 30 34 40 46 48 54 60 66 70 76 84 88 94 96 100 108 114 118 126 130 136 138 144 150 154 156 160 166 174 180 184 186 196 198 208 210 214 228 238 240 244 250 258 264 268 270 276 280 286 304 306 310 318 334 336 340 346 348 360 364 370 378 384 390 394 408 418 420 424 426 436 438 448 450 460 466 468 474 486 490 496 504 508 510 514 528 534 546 550 556 570 576 580 588 594 598 604 606 616 618 628 640 646 648 654 658 660 670 678 684 700 706 720 724 730 744 754 756
k=127 S=44394 greedy=44696 nopt=1 nodes=69407 xlim=531 secs=0.97
  tuple: 0 4 6 10 16 18 24 28 30 34 40 46 48 54 60 66 70 76 84 88 94 96 100 108 114 118 126 130 136 138 144 150 154 156 160 166 174 180 184 186 196 198 208 210 214 228 238 240 244 250 258 264 268 270 276 280 286 304 306 310 318 334 336 340 346 348 360 364 370 378 384 390 394 408 418 420 424 426 436 438 448 450 460 466 468 474 486 490 496 504 508 510 514 528 534 546 550 556 570 576 580 588 594 598 604 606 616 618 628 640 646 648 654 658 660 670 678 684 700 706 720 724 730 744 754 756 760
k=128 S=45168 greedy=45478 nopt=1 nodes=74585 xlim=542 secs=0.97
  tuple: 0 4 6 10 16 18 24 28 30 34 40 46 48 54 60 66 70 76 84 88 94 96 100 108 114 118 126 130 136 138 144 150 154 156 160 166 174 180 184 186 196 198 208 210 214 228 238 240 244 250 258 264 268 270 276 280 286 304 306 310 318 334 336 340 346 348 360 364 370 378 384 390 394 408 418 420 424 426 436 438 448 450 460 466 468 474 486 490 496 504 508 510 514 528 534 546 550 556 570 576 580 588 594 598 604 606 616 618 628 640 646 648 654 658 660 670 678 684 700 706 720 724 730 744 754 756 760 774
k=129 S=45948 greedy=46276 nopt=1 nodes=80337 xlim=554 secs=1.10
  tuple: 0 4 6 10 16 18 24 28 30 34 40 46 48 54 60 66 70 76 84 88 94 96 100 108 114 118 126 130 136 138 144 150 154 156 160 166 174 180 184 186 196 198 208 210 214 228 238 240 244 250 258 264 268 270 276 280 286 304 306 310 318 334 336 340 346 348 360 364 370 378 384 390 394 408 418 420 424 426 436 438 448 450 460 466 468 474 486 490 496 504 508 510 514 528 534 546 550 556 570 576 580 588 594 598 604 606 616 618 628 640 646 648 654 658 660 670 678 684 700 706 720 724 730 744 754 756 760 774 780
k=130 S=46744 greedy=47076 nopt=1 nodes=86642 xlim=564 secs=1.21
  tuple: 0 4 6 10 16 18 24 28 30 34 40 46 48 54 60 66 70 76 84 88 94 96 100 108 114 118 126 130 136 138 144 150 154 156 160 166 174 180 184 186 196 198 208 210 214 228 238 240 244 250 258 264 268 270 276 280 286 304 306 310 318 334 336 340 346 348 360 364 370 378 384 390 394 408 418 420 424 426 436 438 448 450 460 466 468 474 486 490 496 504 508 510 514 528 534 546 550 556 570 576 580 588 594 598 604 606 616 618 628 640 646 648 654 658 660 670 678 684 700 706 720 724 730 744 754 756 760 774 780 796
k=131 S=47542 greedy=47888 nopt=1 nodes=92193 xlim=572 secs=1.22
  tuple: 0 4 6 10 16 18 24 28 30 34 40 46 48 54 60 66 70 76 84 88 94 96 100 108 114 118 126 130 136 138 144 150 154 156 160 166 174 180 184 186 196 198 208 210 214 228 238 240 244 250 258 264 268 270 276 280 286 304 306 310 318 334 336 340 346 348 360 364 370 378 384 390 394 408 418 420 424 426 436 438 448 450 460 466 468 474 486 490 496 504 508 510 514 528 534 546 550 556 570 576 580 588 594 598 604 606 616 618 628 640 646 648 654 658 660 670 678 684 700 706 720 724 730 744 754 756 760 774 780 796 798
k=132 S=48348 greedy=48706 nopt=1 nodes=97815 xlim=582 secs=1.30
  tuple: 0 2 6 12 14 20 24 26 30 36 42 44 50 56 62 66 72 80 84 90 92 96 104 110 114 122 126 132 134 140 146 150 152 156 162 170 176 180 182 192 194 204 206 210 224 234 236 240 246 254 260 264 266 272 276 282 300 302 306 314 330 332 336 342 344 356 360 366 374 380 386 390 404 414 416 420 422 432 434 444 446 456 462 464 470 482 486 492 500 504 506 510 524 530 540 542 546 552 566 572 576 584 590 594 600 602 612 614 624 636 642 644 650 654 656 666 674 680 696 702 716 720 726 740 750 752 756 770 776 786 792 794
k=133 S=49152 greedy=49534 nopt=1 nodes=103298 xlim=593 secs=1.39
  tuple: 0 2 6 12 14 20 24 26 30 36 42 44 50 56 62 66 72 80 84 90 92 96 104 110 114 122 126 132 134 140 146 150 152 156 162 170 176 180 182 192 194 204 206 210 224 234 236 240 246 254 260 264 266 272 276 282 300 302 306 314 330 332 336 342 344 356 360 366 374 380 386 390 404 414 416 420 422 432 434 444 446 456 462 464 470 482 486 492 500 504 506 510 524 530 540 542 546 552 566 572 576 584 590 594 600 602 612 614 624 636 642 644 650 654 656 666 674 680 696 702 716 720 726 740 750 752 756 770 776 786 792 794 804
k=134 S=49958 greedy=50376 nopt=1 nodes=108994 xlim=612 secs=1.48
  tuple: 0 2 6 12 14 20 24 26 30 36 42 44 50 56 62 66 72 80 84 90 92 96 104 110 114 122 126 132 134 140 146 150 152 156 162 170 176 180 182 192 194 204 206 210 224 234 236 240 246 254 260 264 266 272 276 282 300 302 306 314 330 332 336 342 344 356 360 366 374 380 386 390 404 414 416 420 422 432 434 444 446 456 462 464 470 482 486 492 500 504 506 510 524 530 540 542 546 552 566 572 576 584 590 594 600 602 612 614 624 636 642 644 650 654 656 666 674 680 696 702 716 720 726 740 750 752 756 770 776 786 792 794 804 806
k=135 S=50770 greedy=51224 nopt=1 nodes=114790 xlim=633 secs=1.53
  tuple: 0 2 6 12 14 20 24 26 30 36 42 44 50 56 62 66 72 80 84 90 92 96 104 110 114 122 126 132 134 140 146 150 152 156 162 170 176 180 182 192 194 204 206 210 224 234 236 240 246 254 260 264 266 272 276 282 300 302 306 314 330 332 336 342 344 356 360 366 374 380 386 390 404 414 416 420 422 432 434 444 446 456 462 464 470 482 486 492 500 504 506 510 524 530 540 542 546 552 566 572 576 584 590 594 600 602 612 614 624 636 642 644 650 654 656 666 674 680 696 702 716 720 726 740 750 752 756 770 776 786 792 794 804 806 812
k=136 S=51592 greedy=52082 nopt=1 nodes=121497 xlim=656 secs=1.58
  tuple: 0 2 6 12 14 20 24 26 30 36 42 44 50 56 62 66 72 80 84 90 92 96 104 110 114 122 126 132 134 140 146 150 152 156 162 170 176 180 182 192 194 204 206 210 224 234 236 240 246 254 260 264 266 272 276 282 300 302 306 314 330 332 336 342 344 356 360 366 374 380 386 390 404 414 416 420 422 432 434 444 446 456 462 464 470 482 486 492 500 504 506 510 524 530 540 542 546 552 566 572 576 584 590 594 600 602 612 614 624 636 642 644 650 654 656 666 674 680 696 702 716 720 726 740 750 752 756 770 776 786 792 794 804 806 812 822
k=137 S=52428 greedy=52942 nopt=1 nodes=129233 xlim=675 secs=1.73
  tuple: 0 2 6 12 14 20 24 26 30 36 42 44 50 56 62 66 72 80 84 90 92 96 104 110 114 122 126 132 134 140 146 150 152 156 162 170 176 180 182 192 194 204 206 210 224 234 236 240 246 254 260 264 266 272 276 282 300 302 306 314 330 332 336 342 344 356 360 366 374 380 386 390 404 414 416 420 422 432 434 444 446 456 462 464 470 482 486 492 500 504 506 510 524 530 540 542 546 552 566 572 576 584 590 594 600 602 612 614 624 636 642 644 650 654 656 666 674 680 696 702 716 720 726 740 750 752 756 770 776 786 792 794 804 806 812 822 836
k=138 S=53270 greedy=53812 nopt=1 nodes=137157 xlim=692 secs=1.89
  tuple: 0 2 6 12 14 20 24 26 30 36 42 44 50 56 62 66 72 80 84 90 92 96 104 110 114 122 126 132 134 140 146 150 152 156 162 170 176 180 182 192 194 204 206 210 224 234 236 240 246 254 260 264 266 272 276 282 300 302 306 314 330 332 336 342 344 356 360 366 374 380 386 390 404 414 416 420 422 432 434 444 446 456 462 464 470 482 486 492 500 504 506 510 524 530 540 542 546 552 566 572 576 584 590 594 600 602 612 614 624 636 642 644 650 654 656 666 674 680 696 702 716 720 726 740 750 752 756 770 776 786 792 794 804 806 812 822 836 842
k=139 S=54122 greedy=54688 nopt=1 nodes=145889 xlim=709 secs=2.01
  tuple: 0 2 6 12 14 20 24 26 30 36 42 44 50 56 62 66 72 80 84 90 92 96 104 110 114 122 126 132 134 140 146 150 152 156 162 170 176 180 182 192 194 204 206 210 224 234 236 240 246 254 260 264 266 272 276 282 300 302 306 314 330 332 336 342 344 356 360 366 374 380 386 390 404 414 416 420 422 432 434 444 446 456 462 464 470 482 486 492 500 504 506 510 524 530 540 542 546 552 566 572 576 584 590 594 600 602 612 614 624 636 642 644 650 654 656 666 674 680 696 702 716 720 726 740 750 752 756 770 776 786 792 794 804 806 812 822 836 842 852
k=140 S=54976 greedy=55570 nopt=1 nodes=155398 xlim=724 secs=2.21
  tuple: 0 2 6 12 14 20 24 26 30 36 42 44 50 56 62 66 72 80 84 90 92 96 104 110 114 122 126 132 134 140 146 150 152 156 162 170 176 180 182 192 194 204 206 210 224 234 236 240 246 254 260 264 266 272 276 282 300 302 306 314 330 332 336 342 344 356 360 366 374 380 386 390 404 414 416 420 422 432 434 444 446 456 462 464 470 482 486 492 500 504 506 510 524 530 540 542 546 552 566 572 576 584 590 594 600 602 612 614 624 636 642 644 650 654 656 666 674 680 696 702 716 720 726 740 750 752 756 770 776 786 792 794 804 806 812 822 836 842 852 854
k=141 S=55840 greedy=56458 nopt=1 nodes=166263 xlim=741 secs=2.40
  tuple: 0 2 6 12 14 20 24 26 30 36 42 44 50 56 62 66 72 80 84 90 92 96 104 110 114 122 126 132 134 140 146 150 152 156 162 170 176 180 182 192 194 204 206 210 224 234 236 240 246 254 260 264 266 272 276 282 300 302 306 314 330 332 336 342 344 356 360 366 374 380 386 390 404 414 416 420 422 432 434 444 446 456 462 464 470 482 486 492 500 504 506 510 524 530 540 542 546 552 566 572 576 584 590 594 600 602 612 614 624 636 642 644 650 654 656 666 674 680 696 702 716 720 726 740 750 752 756 770 776 786 792 794 804 806 812 822 836 842 852 854 864
k=142 S=56710 greedy=57348 nopt=1 nodes=177212 xlim=754 secs=2.62
  tuple: 0 2 6 12 14 20 24 26 30 36 42 44 50 56 62 66 72 80 84 90 92 96 104 110 114 122 126 132 134 140 146 150 152 156 162 170 176 180 182 192 194 204 206 210 224 234 236 240 246 254 260 264 266 272 276 282 300 302 306 314 330 332 336 342 344 356 360 366 374 380 386 390 404 414 416 420 422 432 434 444 446 456 462 464 470 482 486 492 500 504 506 510 524 530 540 542 546 552 566 572 576 584 590 594 600 602 612 614 624 636 642 644 650 654 656 666 674 680 696 702 716 720 726 740 750 752 756 770 776 786 792 794 804 806 812 822 836 842 852 854 864 870
k=143 S=57586 greedy=58248 nopt=1 nodes=189111 xlim=769 secs=2.70
  tuple: 0 2 6 12 14 20 24 26 30 36 42 44 50 56 62 66 72 80 84 90 92 96 104 110 114 122 126 132 134 140 146 150 152 156 162 170 176 180 182 192 194 204 206 210 224 234 236 240 246 254 260 264 266 272 276 282 300 302 306 314 330 332 336 342 344 356 360 366 374 380 386 390 404 414 416 420 422 432 434 444 446 456 462 464 470 482 486 492 500 504 506 510 524 530 540 542 546 552 566 572 576 584 590 594 600 602 612 614 624 636 642 644 650 654 656 666 674 680 696 702 716 720 726 740 750 752 756 770 776 786 792 794 804 806 812 822 836 842 852 854 864 870 876
k=144 S=58470 greedy=59160 nopt=1 nodes=202154 xlim=787 secs=2.99
  tuple: 0 2 6 12 14 20 24 26 30 36 42 44 50 56 62 66 72 80 84 90 92 96 104 110 114 122 126 132 134 140 146 150 152 156 162 170 176 180 182 192 194 204 206 210 224 234 236 240 246 254 260 264 266 272 276 282 300 302 306 314 330 332 336 342 344 356 360 366 374 380 386 390 404 414 416 420 422 432 434 444 446 456 462 464 470 482 486 492 500 504 506 510 524 530 540 542 546 552 566 572 576 584 590 594 600 602 612 614 624 636 642 644 650 654 656 666 674 680 696 702 716 720 726 740 750 752 756 770 776 786 792 794 804 806 812 822 836 842 852 854 864 870 876 884
k=145 S=59364 greedy=60086 nopt=1 nodes=217134 xlim=808 secs=3.22
  tuple: 0 2 6 12 14 20 24 26 30 36 42 44 50 56 62 66 72 80 84 90 92 96 104 110 114 122 126 132 134 140 146 150 152 156 162 170 176 180 182 192 194 204 206 210 224 234 236 240 246 254 260 264 266 272 276 282 300 302 306 314 330 332 336 342 344 356 360 366 374 380 386 390 404 414 416 420 422 432 434 444 446 456 462 464 470 482 486 492 500 504 506 510 524 530 540 542 546 552 566 572 576 584 590 594 600 602 612 614 624 636 642 644 650 654 656 666 674 680 696 702 716 720 726 740 750 752 756 770 776 786 792 794 804 806 812 822 836 842 852 854 864 870 876 884 894
k=146 S=60270 greedy=61016 nopt=1 nodes=233942 xlim=826 secs=3.60
  tuple: 0 2 6 12 14 20 24 26 30 36 42 44 50 56 62 66 72 80 84 90 92 96 104 110 114 122 126 132 134 140 146 150 152 156 162 170 176 180 182 192 194 204 206 210 224 234 236 240 246 254 260 264 266 272 276 282 300 302 306 314 330 332 336 342 344 356 360 366 374 380 386 390 404 414 416 420 422 432 434 444 446 456 462 464 470 482 486 492 500 504 506 510 524 530 540 542 546 552 566 572 576 584 590 594 600 602 612 614 624 636 642 644 650 654 656 666 674 680 696 702 716 720 726 740 750 752 756 770 776 786 792 794 804 806 812 822 836 842 852 854 864 870 876 884 894 906
k=147 S=61190 greedy=61952 nopt=1 nodes=255679 xlim=841 secs=3.99
  tuple: 0 2 6 12 14 20 24 26 30 36 42 44 50 56 62 66 72 80 84 90 92 96 104 110 114 122 126 132 134 140 146 150 152 156 162 170 176 180 182 192 194 204 206 210 224 234 236 240 246 254 260 264 266 272 276 282 300 302 306 314 330 332 336 342 344 356 360 366 374 380 386 390 404 414 416 420 422 432 434 444 446 456 462 464 470 482 486 492 500 504 506 510 524 530 540 542 546 552 566 572 576 584 590 594 600 602 612 614 624 636 642 644 650 654 656 666 674 680 696 702 716 720 726 740 750 752 756 770 776 786 792 794 804 806 812 822 836 842 852 854 864 870 876 884 894 906 920
k=148 S=62114 greedy=62890 nopt=1 nodes=276393 xlim=850 secs=3.99
  tuple: 0 2 6 12 14 20 24 26 30 36 42 44 50 56 62 66 72 80 84 90 92 96 104 110 114 122 126 132 134 140 146 150 152 156 162 170 176 180 182 192 194 204 206 210 224 234 236 240 246 254 260 264 266 272 276 282 300 302 306 314 330 332 336 342 344 356 360 366 374 380 386 390 404 414 416 420 422 432 434 444 446 456 462 464 470 482 486 492 500 504 506 510 524 530 540 542 546 552 566 572 576 584 590 594 600 602 612 614 624 636 642 644 650 654 656 666 674 680 696 702 716 720 726 740 750 752 756 770 776 786 792 794 804 806 812 822 836 842 852 854 864 870 876 884 894 906 920 924
k=149 S=63044 greedy=63850 nopt=1 nodes=299560 xlim=868 secs=4.04
  tuple: 0 2 6 12 14 20 24 26 30 36 42 44 50 56 62 66 72 80 84 90 92 96 104 110 114 122 126 132 134 140 146 150 152 156 162 170 176 180 182 192 194 204 206 210 224 234 236 240 246 254 260 264 266 272 276 282 300 302 306 314 330 332 336 342 344 356 360 366 374 380 386 390 404 414 416 420 422 432 434 444 446 456 462 464 470 482 486 492 500 504 506 510 524 530 540 542 546 552 566 572 576 584 590 594 600 602 612 614 624 636 642 644 650 654 656 666 674 680 696 702 716 720 726 740 750 752 756 770 776 786 792 794 804 806 812 822 836 842 852 854 864 870 876 884 894 906 920 924 930
k=150 S=63976 greedy=64816 nopt=1 nodes=323736 xlim=886 secs=4.04
  tuple: 0 2 6 12 14 20 24 26 30 36 42 44 50 56 62 66 72 80 84 90 92 96 104 110 114 122 126 132 134 140 146 150 152 156 162 170 176 180 182 192 194 204 206 210 224 234 236 240 246 254 260 264 266 272 276 282 300 302 306 314 330 332 336 342 344 356 360 366 374 380 386 390 404 414 416 420 422 432 434 444 446 456 462 464 470 482 486 492 500 504 506 510 524 530 540 542 546 552 566 572 576 584 590 594 600 602 612 614 624 636 642 644 650 654 656 666 674 680 696 702 716 720 726 740 750 752 756 770 776 786 792 794 804 806 812 822 836 842 852 854 864 870 876 884 894 906 920 924 930 932
k=151 S=64926 greedy=65784 nopt=1 nodes=351785 xlim=904 secs=4.21
  tuple: 0 2 6 12 14 20 24 26 30 36 42 44 50 56 62 66 72 80 84 90 92 96 104 110 114 122 126 132 134 140 146 150 152 156 162 170 176 180 182 192 194 204 206 210 224 234 236 240 246 254 260 264 266 272 276 282 300 302 306 314 330 332 336 342 344 356 360 366 374 380 386 390 404 414 416 420 422 432 434 444 446 456 462 464 470 482 486 492 500 504 506 510 524 530 540 542 546 552 566 572 576 584 590 594 600 602 612 614 624 636 642 644 650 654 656 666 674 680 696 702 716 720 726 740 750 752 756 770 776 786 792 794 804 806 812 822 836 842 852 854 864 870 876 884 894 906 920 924 930 932 950
k=152 S=65880 greedy=66756 nopt=1 nodes=381343 xlim=915 secs=4.70
  tuple: 0 2 6 12 14 20 24 26 30 36 42 44 50 56 62 66 72 80 84 90 92 96 104 110 114 122 126 132 134 140 146 150 152 156 162 170 176 180 182 192 194 204 206 210 224 234 236 240 246 254 260 264 266 272 276 282 300 302 306 314 330 332 336 342 344 356 360 366 374 380 386 390 404 414 416 420 422 432 434 444 446 456 462 464 470 482 486 492 500 504 506 510 524 530 540 542 546 552 566 572 576 584 590 594 600 602 612 614 624 636 642 644 650 654 656 666 674 680 696 702 716 720 726 740 750 752 756 770 776 786 792 794 804 806 812 822 836 842 852 854 864 870 876 884 894 906 920 924 930 932 950 954
k=153 S=66840 greedy=67736 nopt=1 nodes=417339 xlim=928 secs=5.27
  tuple: 0 2 6 12 14 20 24 26 30 36 42 44 50 56 62 66 72 80 84 90 92 96 104 110 114 122 126 132 134 140 146 150 152 156 162 170 176 180 182 192 194 204 206 210 224 234 236 240 246 254 260 264 266 272 276 282 300 302 306 314 330 332 336 342 344 356 360 366 374 380 386 390 404 414 416 420 422 432 434 444 446 456 462 464 470 482 486 492 500 504 506 510 524 530 540 542 546 552 566 572 576 584 590 594 600 602 612 614 624 636 642 644 650 654 656 666 674 680 696 702 716 720 726 740 750 752 756 770 776 786 792 794 804 806 812 822 836 842 852 854 864 870 876 884 894 906 920 924 930 932 950 954 960
k=154 S=67802 greedy=68722 nopt=1 nodes=462467 xlim=941 secs=5.71
  tuple: 0 2 6 12 14 20 24 26 30 36 42 44 50 56 62 66 72 80 84 90 92 96 104 110 114 122 126 132 134 140 146 150 152 156 162 170 176 180 182 192 194 204 206 210 224 234 236 240 246 254 260 264 266 272 276 282 300 302 306 314 330 332 336 342 344 356 360 366 374 380 386 390 404 414 416 420 422 432 434 444 446 456 462 464 470 482 486 492 500 504 506 510 524 530 540 542 546 552 566 572 576 584 590 594 600 602 612 614 624 636 642 644 650 654 656 666 674 680 696 702 716 720 726 740 750 752 756 770 776 786 792 794 804 806 812 822 836 842 852 854 864 870 876 884 894 906 920 924 930 932 950 954 960 962
k=155 S=68768 greedy=69714 nopt=1 nodes=490499 xlim=956 secs=6.28
  tuple: 0 2 6 12 14 20 24 26 30 36 42 44 50 56 62 66 72 80 84 90 92 96 104 110 114 122 126 132 134 140 146 150 152 156 162 170 176 180 182 192 194 204 206 210 224 234 236 240 246 254 260 264 266 272 276 282 300 302 306 314 330 332 336 342 344 356 360 366 374 380 386 390 404 414 416 420 422 432 434 444 446 456 462 464 470 482 486 492 500 504 506 510 524 530 540 542 546 552 566 572 576 584 590 594 600 602 612 614 624 636 642 644 650 654 656 666 674 680 696 702 716 720 726 740 750 752 756 770 776 786 792 794 804 806 812 822 836 842 852 854 864 870 876 884 894 906 920 924 930 932 950 954 960 962 966
k=156 S=69742 greedy=70710 nopt=1 nodes=531369 xlim=971 secs=6.87
  tuple: 0 2 6 12 14 20 24 26 30 36 42 44 50 56 62 66 72 80 84 90 92 96 104 110 114 122 126 132 134 140 146 150 152 156 162 170 176 180 182 192 194 204 206 210 224 234 236 240 246 254 260 264 266 272 276 282 300 302 306 314 330 332 336 342 344 356 360 366 374 380 386 390 404 414 416 420 422 432 434 444 446 456 462 464 470 482 486 492 500 504 506 510 524 530 540 542 546 552 566 572 576 584 590 594 600 602 612 614 624 636 642 644 650 654 656 666 674 680 696 702 716 720 726 740 750 752 756 770 776 786 792 794 804 806 812 822 836 842 852 854 864 870 876 884 894 906 920 924 930 932 950 954 960 962 966 974
k=157 S=70728 greedy=71708 nopt=1 nodes=574670 xlim=983 secs=7.35
  tuple: 0 2 6 12 14 20 24 26 30 36 42 44 50 56 62 66 72 80 84 90 92 96 104 110 114 122 126 132 134 140 146 150 152 156 162 170 176 180 182 192 194 204 206 210 224 234 236 240 246 254 260 264 266 272 276 282 300 302 306 314 330 332 336 342 344 356 360 366 374 380 386 390 404 414 416 420 422 432 434 444 446 456 462 464 470 482 486 492 500 504 506 510 524 530 540 542 546 552 566 572 576 584 590 594 600 602 612 614 624 636 642 644 650 654 656 666 674 680 696 702 716 720 726 740 750 752 756 770 776 786 792 794 804 806 812 822 836 842 852 854 864 870 876 884 894 906 920 924 930 932 950 954 960 962 966 974 986
k=158 S=71718 greedy=72716 nopt=1 nodes=623433 xlim=994 secs=8.01
  tuple: 0 2 6 12 14 20 24 26 30 36 42 44 50 56 62 66 72 80 84 90 92 96 104 110 114 122 126 132 134 140 146 150 152 156 162 170 176 180 182 192 194 204 206 210 224 234 236 240 246 254 260 264 266 272 276 282 300 302 306 314 330 332 336 342 344 356 360 366 374 380 386 390 404 414 416 420 422 432 434 444 446 456 462 464 470 482 486 492 500 504 506 510 524 530 540 542 546 552 566 572 576 584 590 594 600 602 612 614 624 636 642 644 650 654 656 666 674 680 696 702 716 720 726 740 750 752 756 770 776 786 792 794 804 806 812 822 836 842 852 854 864 870 876 884 894 906 920 924 930 932 950 954 960 962 966 974 986 990
k=159 S=72710 greedy=73736 nopt=1 nodes=718138 xlim=1009 secs=8.97
  tuple: 0 2 6 12 14 20 24 26 30 36 42 44 50 56 62 66 72 80 84 90 92 96 104 110 114 122 126 132 134 140 146 150 152 156 162 170 176 180 182 192 194 204 206 210 224 234 236 240 246 254 260 264 266 272 276 282 300 302 306 314 330 332 336 342 344 356 360 366 374 380 386 390 404 414 416 420 422 432 434 444 446 456 462 464 470 482 486 492 500 504 506 510 524 530 540 542 546 552 566 572 576 584 590 594 600 602 612 614 624 636 642 644 650 654 656 666 674 680 696 702 716 720 726 740 750 752 756 770 776 786 792 794 804 806 812 822 836 842 852 854 864 870 876 884 894 906 920 924 930 932 950 954 960 962 966 974 986 990 992
k=160 S=73712 greedy=74758 nopt=1 nodes=797447 xlim=1024 secs=9.89
  tuple: 0 2 6 12 14 20 24 26 30 36 42 44 50 56 62 66 72 80 84 90 92 96 104 110 114 122 126 132 134 140 146 150 152 156 162 170 176 180 182 192 194 204 206 210 224 234 236 240 246 254 260 264 266 272 276 282 300 302 306 314 330 332 336 342 344 356 360 366 374 380 386 390 404 414 416 420 422 432 434 444 446 456 462 464 470 482 486 492 500 504 506 510 524 530 540 542 546 552 566 572 576 584 590 594 600 602 612 614 624 636 642 644 650 654 656 666 674 680 696 702 716 720 726 740 750 752 756 770 776 786 792 794 804 806 812 822 836 842 852 854 864 870 876 884 894 906 920 924 930 932 950 954 960 962 966 974 986 990 992 1002
k=161 S=74726 greedy=75784 nopt=1 nodes=855942 xlim=1036 secs=11.06
  tuple: 0 2 6 12 14 20 24 26 30 36 42 44 50 56 62 66 72 80 84 90 92 96 104 110 114 122 126 132 134 140 146 150 152 156 162 170 176 180 182 192 194 204 206 210 224 234 236 240 246 254 260 264 266 272 276 282 300 302 306 314 330 332 336 342 344 356 360 366 374 380 386 390 404 414 416 420 422 432 434 444 446 456 462 464 470 482 486 492 500 504 506 510 524 530 540 542 546 552 566 572 576 584 590 594 600 602 612 614 624 636 642 644 650 654 656 666 674 680 696 702 716 720 726 740 750 752 756 770 776 786 792 794 804 806 812 822 836 842 852 854 864 870 876 884 894 906 920 924 930 932 950 954 960 962 966 974 986 990 992 1002 1014
k=162 S=75742 greedy=76836 nopt=1 nodes=1211000 xlim=1055 secs=12.50
  tuple: 0 2 6 12 14 20 24 26 30 36 42 44 50 56 62 66 72 80 84 90 92 96 104 110 114 122 126 132 134 140 146 150 152 156 162 170 176 180 182 192 194 204 206 210 224 234 236 240 246 254 260 264 266 272 276 282 300 302 306 314 330 332 336 342 344 356 360 366 374 380 386 390 404 414 416 420 422 432 434 444 446 456 462 464 470 482 486 492 500 504 506 510 524 530 540 542 546 552 566 572 576 584 590 594 600 602 612 614 624 636 642 644 650 654 656 666 674 680 696 702 716 720 726 740 750 752 756 770 776 786 792 794 804 806 812 822 836 842 852 854 864 870 876 884 894 906 920 924 930 932 950 954 960 962 966 974 986 990 992 1002 1014 1016
k=163 S=76788 greedy=77892 nopt=1 nodes=1311043 xlim=1075 secs=13.49
  tuple: 0 2 6 12 14 20 24 26 30 36 42 44 50 56 62 66 72 80 84 90 92 96 104 110 114 122 126 132 134 140 146 150 152 156 162 170 176 180 182 192 194 204 206 210 224 234 236 240 246 254 260 264 266 272 276 282 300 302 306 314 330 332 336 342 344 356 360 366 374 380 386 390 404 414 416 420 422 432 434 444 446 456 462 464 470 482 486 492 500 504 506 510 524 530 540 542 546 552 566 572 576 584 590 594 600 602 612 614 624 636 642 644 650 654 656 666 674 680 696 702 716 720 726 740 750 752 756 770 776 786 792 794 804 806 812 822 836 842 852 854 864 870 876 884 894 906 920 924 930 932 950 954 960 962 966 974 986 990 992 1002 1014 1016 1046
k=164 S=77838 greedy=78950 nopt=1 nodes=1346223 xlim=1081 secs=14.39
  tuple: 0 2 6 12 14 20 24 26 30 36 42 44 50 56 62 66 72 80 84 90 92 96 104 110 114 122 126 132 134 140 146 150 152 156 162 170 176 180 182 192 194 204 206 210 224 234 236 240 246 254 260 264 266 272 276 282 300 302 306 314 330 332 336 342 344 356 360 366 374 380 386 390 404 414 416 420 422 432 434 444 446 456 462 464 470 482 486 492 500 504 506 510 524 530 540 542 546 552 566 572 576 584 590 594 600 602 612 614 624 636 642 644 650 654 656 666 674 680 696 702 716 720 726 740 750 752 756 770 776 786 792 794 804 806 812 822 836 842 852 854 864 870 876 884 894 906 920 924 930 932 950 954 960 962 966 974 986 990 992 1002 1014 1016 1046 1050
k=165 S=78890 greedy=80012 nopt=1 nodes=1333962 xlim=1087 secs=15.66
  tuple: 0 2 6 12 14 20 24 26 30 36 42 44 50 56 62 66 72 80 84 90 92 96 104 110 114 122 126 132 134 140 146 150 152 156 162 170 176 180 182 192 194 204 206 210 224 234 236 240 246 254 260 264 266 272 276 282 300 302 306 314 330 332 336 342 344 356 360 366 374 380 386 390 404 414 416 420 422 432 434 444 446 456 462 464 470 482 486 492 500 504 506 510 524 530 540 542 546 552 566 572 576 584 590 594 600 602 612 614 624 636 642 644 650 654 656 666 674 680 696 702 716 720 726 740 750 752 756 770 776 786 792 794 804 806 812 822 836 842 852 854 864 870 876 884 894 906 920 924 930 932 950 954 960 962 966 974 986 990 992 1002 1014 1016 1046 1050 1052
k=166 S=79946 greedy=81080 nopt=1 nodes=1353949 xlim=1095 secs=17.86
  tuple: 0 2 6 12 14 20 24 26 30 36 42 44 50 56 62 66 72 80 84 90 92 96 104 110 114 122 126 132 134 140 146 150 152 156 162 170 176 180 182 192 194 204 206 210 224 234 236 240 246 254 260 264 266 272 276 282 300 302 306 314 330 332 336 342 344 356 360 366 374 380 386 390 404 414 416 420 422 432 434 444 446 456 462 464 470 482 486 492 500 504 506 510 524 530 540 542 546 552 566 572 576 584 590 594 600 602 612 614 624 636 642 644 650 654 656 666 674 680 696 702 716 720 726 740 750 752 756 770 776 786 792 794 804 806 812 822 836 842 852 854 864 870 876 884 894 906 920 924 930 932 950 954 960 962 966 974 986 990 992 1002 1014 1016 1046 1050 1052 1056
k=167 S=81010 greedy=82150 nopt=1 nodes=1447966 xlim=1102 secs=19.34
  tuple: 0 2 6 12 14 20 24 26 30 36 42 44 50 56 62 66 72 80 84 90 92 96 104 110 114 122 126 132 134 140 146 150 152 156 162 170 176 180 182 192 194 204 206 210 224 234 236 240 246 254 260 264 266 272 276 282 300 302 306 314 330 332 336 342 344 356 360 366 374 380 386 390 404 414 416 420 422 432 434 444 446 456 462 464 470 482 486 492 500 504 506 510 524 530 540 542 546 552 566 572 576 584 590 594 600 602 612 614 624 636 642 644 650 654 656 666 674 680 696 702 716 720 726 740 750 752 756 770 776 786 792 794 804 806 812 822 836 842 852 854 864 870 876 884 894 906 920 924 930 932 950 954 960 962 966 974 986 990 992 1002 1014 1016 1046 1050 1052 1056 1064
k=168 S=82086 greedy=83226 nopt=1 nodes=1513613 xlim=1108 secs=18.87
  tuple: 0 2 6 12 14 20 24 26 30 36 42 44 50 56 62 66 72 80 84 90 92 96 104 110 114 122 126 132 134 140 146 150 152 156 162 170 176 180 182 192 194 204 206 210 224 234 236 240 246 254 260 264 266 272 276 282 300 302 306 314 330 332 336 342 344 356 360 366 374 380 386 390 404 414 416 420 422 432 434 444 446 456 462 464 470 482 486 492 500 504 506 510 524 530 540 542 546 552 566 572 576 584 590 594 600 602 612 614 624 636 642 644 650 654 656 666 674 680 696 702 716 720 726 740 750 752 756 770 776 786 792 794 804 806 812 822 836 842 852 854 864 870 876 884 894 906 920 924 930 932 950 954 960 962 966 974 986 990 992 1002 1014 1016 1046 1050 1052 1056 1064 1076
k=169 S=83166 greedy=84308 nopt=1 nodes=1552324 xlim=1111 secs=21.62
  tuple: 0 2 6 12 14 20 24 26 30 36 42 44 50 56 62 66 72 80 84 90 92 96 104 110 114 122 126 132 134 140 146 150 152 156 162 170 176 180 182 192 194 204 206 210 224 234 236 240 246 254 260 264 266 272 276 282 300 302 306 314 330 332 336 342 344 356 360 366 374 380 386 390 404 414 416 420 422 432 434 444 446 456 462 464 470 482 486 492 500 504 506 510 524 530 540 542 546 552 566 572 576 584 590 594 600 602 612 614 624 636 642 644 650 654 656 666 674 680 696 702 716 720 726 740 750 752 756 770 776 786 792 794 804 806 812 822 836 842 852 854 864 870 876 884 894 906 920 924 930 932 950 954 960 962 966 974 986 990 992 1002 1014 1016 1046 1050 1052 1056 1064 1076 1080
k=170 S=84278 greedy=85394 nopt=1 nodes=1645885 xlim=1114 secs=24.53
  tuple: 0 2 6 12 14 20 24 26 30 36 42 44 50 56 62 66 72 80 84 90 92 96 104 110 114 122 126 132 134 140 146 150 152 156 162 170 176 180 182 192 194 204 206 210 224 234 236 240 246 254 260 264 266 272 276 282 300 302 306 314 330 332 336 342 344 356 360 366 374 380 386 390 404 414 416 420 422 432 434 444 446 456 462 464 470 482 486 492 500 504 506 510 524 530 540 542 546 552 566 572 576 584 590 594 600 602 612 614 624 636 642 644 650 654 656 666 674 680 696 702 716 720 726 740 750 752 756 770 776 786 792 794 804 806 812 822 836 842 852 854 864 870 876 884 894 906 920 924 930 932 950 954 960 962 966 974 986 990 992 1002 1014 1016 1046 1050 1052 1056 1064 1076 1080 1112
k=171 S=85394 greedy=86504 nopt=1 nodes=1765557 xlim=1113 secs=27.36
  tuple: 0 2 6 12 14 20 24 26 30 36 42 44 50 56 62 66 72 80 84 90 92 96 104 110 114 122 126 132 134 140 146 150 152 156 162 170 176 180 182 192 194 204 206 210 224 234 236 240 246 254 260 264 266 272 276 282 300 302 306 314 330 332 336 342 344 356 360 366 374 380 386 390 404 414 416 420 422 432 434 444 446 456 462 464 470 482 486 492 500 504 506 510 524 530 540 542 546 552 566 572 576 584 590 594 600 602 612 614 624 636 642 644 650 654 656 666 674 680 696 702 716 720 726 740 750 752 756 770 776 786 792 794 804 806 812 822 836 842 852 854 864 870 876 884 894 906 920 924 930 932 950 954 960 962 966 974 986 990 992 1002 1014 1016 1046 1050 1052 1056 1064 1076 1080 1112 1116
k=172 S=86516 greedy=87622 nopt=1 nodes=1886024 xlim=1114 secs=29.82
  tuple: 0 2 6 12 14 20 24 26 30 36 42 44 50 56 62 66 72 80 84 90 92 96 104 110 114 122 126 132 134 140 146 150 152 156 162 170 176 180 182 192 194 204 206 210 224 234 236 240 246 254 260 264 266 272 276 282 300 302 306 314 330 332 336 342 344 356 360 366 374 380 386 390 404 414 416 420 422 432 434 444 446 456 462 464 470 482 486 492 500 504 506 510 524 530 540 542 546 552 566 572 576 584 590 594 600 602 612 614 624 636 642 644 650 654 656 666 674 680 696 702 716 720 726 740 750 752 756 770 776 786 792 794 804 806 812 822 836 842 852 854 864 870 876 884 894 906 920 924 930 932 950 954 960 962 966 974 986 990 992 1002 1014 1016 1046 1050 1052 1056 1064 1076 1080 1112 1116 1122
k=173 S=87646 greedy=88744 nopt=1 nodes=2030263 xlim=1114 secs=32.28
  tuple: 0 2 6 12 14 20 24 26 30 36 42 44 50 56 62 66 72 80 84 90 92 96 104 110 114 122 126 132 134 140 146 150 152 156 162 170 176 180 182 192 194 204 206 210 224 234 236 240 246 254 260 264 266 272 276 282 300 302 306 314 330 332 336 342 344 356 360 366 374 380 386 390 404 414 416 420 422 432 434 444 446 456 462 464 470 482 486 492 500 504 506 510 524 530 540 542 546 552 566 572 576 584 590 594 600 602 612 614 624 636 642 644 650 654 656 666 674 680 696 702 716 720 726 740 750 752 756 770 776 786 792 794 804 806 812 822 836 842 852 854 864 870 876 884 894 906 920 924 930 932 950 954 960 962 966 974 986 990 992 1002 1014 1016 1046 1050 1052 1056 1064 1076 1080 1112 1116 1122 1130
k=174 S=88780 greedy=89872 nopt=1 nodes=2152478 xlim=1113 secs=35.10
  tuple: 0 2 6 12 14 20 24 26 30 36 42 44 50 56 62 66 72 80 84 90 92 96 104 110 114 122 126 132 134 140 146 150 152 156 162 170 176 180 182 192 194 204 206 210 224 234 236 240 246 254 260 264 266 272 276 282 300 302 306 314 330 332 336 342 344 356 360 366 374 380 386 390 404 414 416 420 422 432 434 444 446 456 462 464 470 482 486 492 500 504 506 510 524 530 540 542 546 552 566 572 576 584 590 594 600 602 612 614 624 636 642 644 650 654 656 666 674 680 696 702 716 720 726 740 750 752 756 770 776 786 792 794 804 806 812 822 836 842 852 854 864 870 876 884 894 906 920 924 930 932 950 954 960 962 966 974 986 990 992 1002 1014 1016 1046 1050 1052 1056 1064 1076 1080 1112 1116 1122 1130 1134
