k S(k) B(k) A(k) B(k)/(k log k) S(k)-sumA(j) greedy-S(k)
1 0 0 0 nan 0 0
2 2 1 2 0.7213 0 0
3 8 8/3 6 0.8091 0 0
4 16 4 8 0.7213 0 0
5 28 28/5 12 0.6959 0 0
6 46 23/3 16 0.7131 2 0
7 66 66/7 20 0.6922 2 0
8 92 23/2 26 0.6913 2 0
9 122 122/9 30 0.6855 2 0
10 154 77/5 32 0.6688 2 0
11 190 190/11 36 0.6548 2 0
12 232 58/3 42 0.6484 2 0
13 280 280/13 48 0.6459 2 0
14 330 165/7 50 0.6380 2 0
15 386 386/15 56 0.6335 2 0
16 448 28 60 0.6312 4 0
17 516 516/17 66 0.6302 6 0
18 588 98/3 70 0.6279 8 0
19 666 666/19 76 0.6266 10 0
20 752 188/5 80 0.6276 16 0
21 842 842/21 84 0.6271 22 0
22 938 469/11 90 0.6270 28 0
23 1036 1036/23 94 0.6246 32 0
24 1138 569/12 100 0.6217 34 0
25 1248 1248/25 110 0.6203 34 0
26 1364 682/13 114 0.6193 36 0
27 1484 1484/27 120 0.6176 36 0
28 1612 403/7 126 0.6170 38 0
29 1744 1744/29 130 0.6158 40 0
30 1882 941/15 136 0.6148 42 0
31 2022 2022/31 140 0.6127 42 0
32 2168 271/4 146 0.6109 42 0
33 2320 2320/33 152 0.6093 42 0
34 2476 1238/17 156 0.6074 42 0
35 2634 2634/35 158 0.6048 42 0
36 2796 233/3 162 0.6020 42 0
37 2964 2964/37 168 0.5996 42 0
38 3140 1570/19 176 0.5978 42 0
39 3322 3322/39 182 0.5962 42 0
40 3508 877/10 186 0.5944 42 0
41 3696 3696/41 188 0.5921 42 0
42 3894 649/7 196 0.5906 44 0
43 4094 4094/43 200 0.5887 44 0
44 4304 1076/11 210 0.5875 44 0
45 4516 4516/45 212 0.5858 44 0
46 4732 2366/23 216 0.5841 44 0
47 4962 4962/47 226 0.5834 48 0
48 5202 867/8 236 0.5832 52 0
49 5444 5444/49 240 0.5826 54 0
50 5690 569/5 246 0.5818 54 0
51 5942 5942/51 252 0.5810 54 0
52 6202 3101/26 254 0.5805 60 0
53 6468 6468/53 264 0.5800 62 0
54 6738 1123/9 270 0.5793 62 0
55 7010 1402/11 272 0.5783 62 0
56 7288 911/7 278 0.5773 62 0
57 7570 7570/57 282 0.5763 62 0
58 7858 3929/29 288 0.5753 62 0
59 8164 8164/59 300 0.5752 68 0
60 8472 706/5 304 0.5748 72 0
61 8784 144 310 0.5742 74 0
62 9104 4552/31 320 0.5739 74 0
63 9440 9440/63 324 0.5741 86 0
64 9778 4889/32 330 0.5740 94 0
65 10120 2024/13 336 0.5738 100 0
66 10468 5234/33 342 0.5736 106 0
67 10818 10818/67 350 0.5731 106 0
68 11180 2795/17 356 0.5730 112 0
69 11552 11552/69 366 0.5731 118 0
70 11932 5966/35 370 0.5732 128 0
71 12318 12318/71 378 0.5732 136 0
72 12710 6355/36 384 0.5733 144 0
73 13106 13106/73 390 0.5732 150 0
74 13516 6758/37 392 0.5735 168 0
75 13936 13936/75 398 0.5738 190 0
76 14358 7179/38 410 0.5740 202 0
77 14784 192 420 0.5740 208 0
78 15212 7606/39 422 0.5739 214 0
79 15650 15650/79 426 0.5739 226 0
80 16100 805/4 432 0.5741 244 0
81 16552 16552/81 438 0.5741 258 0
82 17014 8507/41 446 0.5742 274 0
83 17482 17482/83 450 0.5743 292 0
84 17952 1496/7 452 0.5742 310 0
85 18428 1084/5 462 0.5741 324 0
86 18916 9458/43 470 0.5742 342 0
87 19408 19408/87 476 0.5742 358 0
88 19906 9953/44 482 0.5741 374 0
89 20412 20412/89 486 0.5741 394 0
90 20922 3487/15 494 0.5740 410 0
91 21434 3062/13 504 0.5738 418 0
92 21950 10975/46 506 0.5735 428 0
93 22474 22474/93 512 0.5733 440 6
94 23004 11502/47 516 0.5730 454 12
95 23540 4708/19 518 0.5728 472 24
96 24088 3011/12 530 0.5726 490 28
97 24640 24640/97 536 0.5724 506 34
98 25198 12599/49 546 0.5722 518 48
99 25770 8590/33 552 0.5722 538 54
100 26352 6588/25 558 0.5722 562 54
101 26942 26942/101 572 0.5723 580 54
102 27538 13769/51 576 0.5723 600 54
103 28138 28138/103 578 0.5723 622 54
104 28744 3593/13 590 0.5722 638 54
105 29352 9784/35 600 0.5721 646 54
106 29970 14985/53 602 0.5720 662 54
107 30590 30590/107 606 0.5718 676 54
108 31220 7805/27 612 0.5717 694 54
109 31862 31862/109 616 0.5716 720 54
110 32502 16251/55 628 0.5715 732 62
111 33148 33148/111 634 0.5713 744 66
112 33796 1207/4 640 0.5710 752 74
113 34450 34450/113 646 0.5707 760 80
114 35108 17554/57 654 0.5704 764 94
115 35768 35768/115 656 0.5700 768 114
116 36438 18219/58 662 0.5697 776 130
117 37116 4124/13 672 0.5694 782 154
118 37800 18900/59 680 0.5690 786 178
119 38500 5500/17 686 0.5689 800 200
120 39206 19603/60 692 0.5687 814 220
121 39926 39926/121 702 0.5686 832 232
122 40650 20325/61 708 0.5685 848 248
123 41380 41380/123 714 0.5684 864 264
124 42124 10531/31 722 0.5683 886 276
125 42878 42878/125 732 0.5684 908 280
126 43634 21817/63 740 0.5683 924 286
127 44394 44394/127 746 0.5682 938 302
128 45168 2823/8 750 0.5682 962 310
129 45948 15316/43 760 0.5682 982 328
130 46744 23372/65 768 0.5682 1010 332
131 47542 47542/131 774 0.5683 1034 346
132 48348 4029/11 780 0.5683 1060 358
133 49152 49152/133 784 0.5682 1080 382
134 49958 24979/67 794 0.5681 1092 418
135 50770 10154/27 804 0.5679 1100 454
136 51592 6449/17 808 0.5678 1114 490
137 52428 52428/137 812 0.5678 1138 514
138 53270 26635/69 816 0.5677 1164 542
139 54122 54122/139 818 0.5677 1198 566
140 54976 13744/35 828 0.5676 1224 594
141 55840 55840/141 840 0.5676 1248 618
142 56710 28355/71 842 0.5675 1276 638
143 57586 57586/143 848 0.5674 1304 662
144 58470 9745/24 856 0.5674 1332 690
145 59364 59364/145 864 0.5673 1362 722
146 60270 30135/73 872 0.5674 1396 746
147 61190 61190/147 878 0.5674 1438 762
148 62114 31057/74 882 0.5675 1480 776
149 63044 63044/149 892 0.5675 1518 806
150 63976 31988/75 902 0.5675 1548 840
151 64926 64926/151 908 0.5675 1590 858
152 65880 8235/19 912 0.5676 1632 876
153 66840 22280/51 926 0.5676 1666 896
154 67802 4843/11 930 0.5676 1698 920
155 68768 68768/155 934 0.5675 1730 946
156 69742 34871/78 946 0.5675 1758 968
157 70728 70728/157 952 0.5675 1792 980
158 71718 35859/79 960 0.5675 1822 998
159 72710 72710/159 970 0.5674 1844 1026
160 73712 4607/10 974 0.5673 1872 1046
161 74726 74726/161 986 0.5673 1900 1058
162 75742 37871/81 990 0.5673 1926 1094
163 76788 76788/163 998 0.5674 1974 1104
164 77838 38919/82 1002 0.5675 2022 1112
165 78890 15778/33 1012 0.5675 2062 1122
wrote b-file-S.txt with 147 terms
wrote S-all-runs.txt with 165 terms (every k any run reached)
