1 0
2 2
3 8
4 16
5 28
6 46
7 66
8 92
9 122
10 154
11 190
12 232
13 280
14 330
15 386
16 448
17 516
18 588
19 666
20 752
21 842
22 938
23 1036
24 1138
25 1248
26 1364
27 1484
28 1612
29 1744
30 1882
31 2022
32 2168
33 2320
34 2476
35 2634
36 2796
37 2964
38 3140
39 3322
40 3508
41 3696
42 3894
43 4094
44 4304
45 4516
46 4732
47 4962
48 5202
49 5444
50 5690
51 5942
52 6202
53 6468
54 6738
55 7010
56 7288
57 7570
58 7858
59 8164
60 8472
61 8784
62 9104
63 9440
64 9778
65 10120
66 10468
67 10818
68 11180
69 11552
70 11932
71 12318
72 12710
73 13106
74 13516
75 13936
76 14358
77 14784
78 15212
79 15650
80 16100
81 16552
82 17014
83 17482
84 17952
85 18428
86 18916
87 19408
88 19906
89 20412
90 20922
91 21434
92 21950
93 22474
94 23004
95 23540
96 24088
97 24640
98 25198
99 25770
100 26352
101 26942
102 27538
103 28138
104 28744
105 29352
106 29970
107 30590
108 31220
109 31862
110 32502
111 33148
112 33796
113 34450
114 35108
115 35768
116 36438
117 37116
118 37800
119 38500
120 39206
121 39926
122 40650
123 41380
124 42124
125 42878
126 43634
127 44394
128 45168
129 45948
130 46744
131 47542
132 48348
133 49152
134 49958
135 50770
136 51592
137 52428
138 53270
139 54122
140 54976
141 55840
142 56710
143 57586
144 58470
145 59364
146 60270
147 61190
148 62114
149 63044
150 63976
151 64926
152 65880
153 66840
154 67802
155 68768
156 69742
157 70728
158 71718
159 72710
160 73712
161 74726
162 75742
163 76788
164 77838
165 78890
166 79946
167 81010
168 82086
169 83166
170 84278
