# A392164 extended: n a(n) for n = 1..3000 (n <= 700 agrees with the OEIS b-file)
1 1
2 1
3 1
4 1
5 2
6 2
7 2
8 2
9 2
10 2
11 2
12 2
13 2
14 2
15 2
16 2
17 2
18 2
19 3
20 3
21 3
22 3
23 4
24 4
25 4
26 4
27 4
28 4
29 4
30 4
31 4
32 4
33 4
34 4
35 4
36 4
37 5
38 5
39 5
40 5
41 6
42 6
43 6
44 6
45 6
46 6
47 6
48 6
49 6
50 6
51 6
52 6
53 6
54 6
55 6
56 6
57 6
58 6
59 7
60 7
61 7
62 7
63 7
64 7
65 7
66 7
67 7
68 7
69 7
70 7
71 7
72 7
73 7
74 7
75 7
76 7
77 7
78 7
79 7
80 7
81 7
82 7
83 7
84 7
85 7
86 7
87 8
88 8
89 8
90 8
91 8
92 8
93 8
94 8
95 8
96 8
97 8
98 8
99 8
100 8
101 9
102 9
103 9
104 9
105 10
106 10
107 10
108 10
109 10
110 10
111 10
112 10
113 11
114 11
115 11
116 11
117 11
118 11
119 11
120 11
121 11
122 11
123 11
124 11
125 11
126 11
127 11
128 11
129 11
130 11
131 12
132 12
133 12
134 12
135 12
136 12
137 12
138 12
139 12
140 12
141 12
142 12
143 12
144 12
145 12
146 12
147 12
148 12
149 12
150 12
151 13
152 13
153 13
154 13
155 13
156 13
157 13
158 13
159 14
160 14
161 14
162 14
163 14
164 14
165 14
166 14
167 15
168 15
169 15
170 15
171 15
172 15
173 15
174 15
175 15
176 15
177 15
178 15
179 15
180 15
181 15
182 15
183 15
184 15
185 15
186 15
187 15
188 15
189 15
190 15
191 15
192 15
193 15
194 15
195 16
196 16
197 16
198 16
199 16
200 16
201 16
202 16
203 17
204 17
205 17
206 17
207 17
208 17
209 17
210 17
211 17
212 17
213 17
214 17
215 17
216 17
217 17
218 17
219 17
220 17
221 17
222 17
223 17
224 17
225 17
226 17
227 17
228 17
229 17
230 17
231 17
232 17
233 17
234 17
235 17
236 17
237 17
238 17
239 18
240 18
241 18
242 18
243 18
244 18
245 18
246 18
247 18
248 18
249 18
250 18
251 18
252 18
253 18
254 18
255 18
256 18
257 18
258 18
259 19
260 19
261 19
262 19
263 19
264 19
265 19
266 19
267 19
268 19
269 19
270 19
271 19
272 19
273 19
274 19
275 19
276 19
277 19
278 19
279 19
280 19
281 19
282 19
283 19
284 19
285 19
286 19
287 19
288 19
289 19
290 19
291 19
292 19
293 19
294 19
295 19
296 19
297 19
298 19
299 19
300 19
301 19
302 19
303 20
304 20
305 20
306 20
307 21
308 21
309 21
310 21
311 21
312 21
313 21
314 21
315 21
316 21
317 21
318 21
319 21
320 21
321 21
322 21
323 21
324 21
325 21
326 21
327 21
328 21
329 21
330 21
331 21
332 21
333 21
334 21
335 21
336 21
337 21
338 21
339 21
340 21
341 21
342 21
343 21
344 21
345 21
346 21
347 21
348 21
349 21
350 21
351 21
352 21
353 21
354 21
355 21
356 21
357 21
358 21
359 21
360 21
361 21
362 21
363 21
364 21
365 21
366 21
367 21
368 21
369 21
370 21
371 21
372 21
373 21
374 21
375 21
376 21
377 21
378 21
379 21
380 21
381 21
382 21
383 21
384 21
385 21
386 21
387 21
388 21
389 21
390 21
391 21
392 21
393 21
394 21
395 21
396 21
397 21
398 21
399 21
400 21
401 21
402 21
403 22
404 22
405 22
406 22
407 22
408 22
409 22
410 22
411 22
412 22
413 22
414 22
415 22
416 22
417 22
418 22
419 22
420 22
421 22
422 22
423 22
424 22
425 22
426 22
427 22
428 22
429 22
430 22
431 22
432 22
433 22
434 22
435 22
436 22
437 22
438 22
439 22
440 22
441 22
442 22
443 22
444 22
445 22
446 22
447 22
448 22
449 22
450 22
451 23
452 23
453 23
454 23
455 23
456 23
457 23
458 23
459 23
460 23
461 23
462 23
463 23
464 23
465 23
466 23
467 23
468 23
469 23
470 23
471 23
472 23
473 23
474 23
475 23
476 23
477 23
478 23
479 23
480 23
481 23
482 23
483 23
484 23
485 23
486 23
487 23
488 23
489 23
490 23
491 23
492 23
493 23
494 23
495 23
496 23
497 23
498 23
499 24
500 24
501 24
502 24
503 24
504 24
505 24
506 24
507 24
508 24
509 24
510 24
511 24
512 24
513 24
514 24
515 24
516 24
517 25
518 25
519 25
520 25
521 25
522 25
523 25
524 25
525 25
526 25
527 25
528 25
529 25
530 25
531 25
532 25
533 25
534 25
535 25
536 25
537 25
538 25
539 25
540 25
541 25
542 25
543 25
544 25
545 25
546 25
547 25
548 25
549 25
550 25
551 25
552 25
553 26
554 26
555 26
556 26
557 26
558 26
559 26
560 26
561 26
562 26
563 26
564 26
565 26
566 26
567 26
568 26
569 26
570 26
571 26
572 26
573 27
574 27
575 27
576 27
577 27
578 27
579 27
580 27
581 27
582 27
583 27
584 27
585 27
586 27
587 27
588 27
589 27
590 27
591 27
592 27
593 27
594 27
595 27
596 27
597 27
598 27
599 27
600 27
601 27
602 27
603 27
604 27
605 27
606 27
607 27
608 27
609 28
610 28
611 28
612 28
613 28
614 28
615 28
616 28
617 28
618 28
619 28
620 28
621 28
622 28
623 28
624 28
625 28
626 28
627 28
628 28
629 28
630 28
631 28
632 28
633 28
634 28
635 28
636 28
637 28
638 28
639 28
640 28
641 28
642 28
643 28
644 28
645 29
646 29
647 29
648 29
649 29
650 29
651 29
652 29
653 29
654 29
655 29
656 29
657 29
658 29
659 29
660 29
661 29
662 29
663 29
664 29
665 29
666 29
667 29
668 29
669 29
670 29
671 29
672 29
673 29
674 29
675 29
676 29
677 29
678 29
679 29
680 29
681 29
682 29
683 29
684 29
685 29
686 29
687 29
688 29
689 29
690 29
691 29
692 29
693 29
694 29
695 29
696 29
697 29
698 29
699 29
700 29
701 30
702 30
703 30
704 30
705 30
706 30
707 30
708 30
709 30
710 30
711 30
712 30
713 30
714 30
715 30
716 30
717 30
718 30
719 31
720 31
721 31
722 31
723 31
724 31
725 31
726 31
727 31
728 31
729 31
730 31
731 31
732 31
733 31
734 31
735 31
736 31
737 31
738 31
739 31
740 31
741 31
742 31
743 31
744 31
745 31
746 31
747 31
748 31
749 31
750 31
751 31
752 31
753 31
754 31
755 31
756 31
757 31
758 31
759 31
760 31
761 31
762 31
763 31
764 31
765 31
766 31
767 31
768 31
769 31
770 31
771 31
772 31
773 31
774 31
775 31
776 31
777 31
778 31
779 31
780 31
781 31
782 31
783 31
784 31
785 31
786 31
787 32
788 32
789 32
790 32
791 32
792 32
793 32
794 32
795 32
796 32
797 32
798 32
799 32
800 32
801 32
802 32
803 32
804 32
805 32
806 32
807 33
808 33
809 33
810 33
811 33
812 33
813 33
814 33
815 33
816 33
817 33
818 33
819 33
820 33
821 33
822 33
823 33
824 33
825 33
826 33
827 34
828 34
829 34
830 34
831 34
832 34
833 34
834 34
835 34
836 34
837 34
838 34
839 34
840 34
841 34
842 34
843 34
844 34
845 34
846 34
847 34
848 34
849 34
850 34
851 34
852 34
853 34
854 34
855 34
856 34
857 34
858 34
859 34
860 34
861 34
862 34
863 34
864 34
865 34
866 34
867 34
868 34
869 34
870 34
871 34
872 34
873 34
874 34
875 34
876 34
877 34
878 34
879 34
880 34
881 34
882 34
883 34
884 34
885 34
886 34
887 34
888 34
889 35
890 35
891 35
892 35
893 35
894 35
895 35
896 35
897 35
898 35
899 35
900 35
901 35
902 35
903 35
904 35
905 35
906 35
907 35
908 35
909 35
910 35
911 35
912 35
913 35
914 35
915 35
916 35
917 35
918 35
919 35
920 35
921 35
922 35
923 35
924 35
925 35
926 35
927 35
928 35
929 35
930 35
931 35
932 35
933 35
934 35
935 35
936 35
937 35
938 35
939 35
940 35
941 35
942 35
943 35
944 35
945 35
946 35
947 35
948 35
949 35
950 35
951 35
952 35
953 35
954 35
955 35
956 35
957 35
958 35
959 35
960 35
961 35
962 35
963 35
964 35
965 35
966 35
967 35
968 35
969 35
970 35
971 35
972 35
973 35
974 35
975 35
976 35
977 35
978 35
979 35
980 35
981 35
982 35
983 35
984 35
985 35
986 35
987 35
988 35
989 35
990 35
991 35
992 35
993 35
994 35
995 35
996 35
997 35
998 35
999 35
1000 35
1001 35
1002 35
1003 36
1004 36
1005 36
1006 36
1007 36
1008 36
1009 36
1010 36
1011 36
1012 36
1013 36
1014 36
1015 36
1016 36
1017 36
1018 36
1019 36
1020 36
1021 36
1022 36
1023 36
1024 36
1025 36
1026 36
1027 36
1028 36
1029 36
1030 36
1031 36
1032 36
1033 36
1034 36
1035 36
1036 36
1037 36
1038 36
1039 36
1040 36
1041 36
1042 36
1043 36
1044 36
1045 36
1046 36
1047 36
1048 36
1049 36
1050 36
1051 36
1052 36
1053 36
1054 36
1055 37
1056 37
1057 37
1058 37
1059 37
1060 37
1061 37
1062 37
1063 37
1064 37
1065 37
1066 37
1067 38
1068 38
1069 38
1070 38
1071 38
1072 38
1073 38
1074 38
1075 38
1076 38
1077 38
1078 38
1079 38
1080 38
1081 38
1082 38
1083 38
1084 38
1085 38
1086 38
1087 38
1088 38
1089 38
1090 38
1091 38
1092 38
1093 38
1094 38
1095 38
1096 38
1097 38
1098 38
1099 38
1100 38
1101 38
1102 38
1103 39
1104 39
1105 39
1106 39
1107 39
1108 39
1109 39
1110 39
1111 39
1112 39
1113 39
1114 39
1115 39
1116 39
1117 39
1118 39
1119 39
1120 39
1121 39
1122 39
1123 39
1124 39
1125 39
1126 39
1127 39
1128 39
1129 39
1130 39
1131 39
1132 39
1133 39
1134 39
1135 39
1136 39
1137 39
1138 39
1139 39
1140 39
1141 39
1142 39
1143 39
1144 39
1145 39
1146 39
1147 39
1148 39
1149 39
1150 39
1151 39
1152 39
1153 39
1154 39
1155 39
1156 39
1157 39
1158 39
1159 39
1160 39
1161 39
1162 39
1163 39
1164 39
1165 39
1166 39
1167 39
1168 39
1169 39
1170 39
1171 39
1172 39
1173 39
1174 39
1175 39
1176 39
1177 39
1178 39
1179 39
1180 39
1181 39
1182 39
1183 39
1184 39
1185 39
1186 39
1187 39
1188 39
1189 39
1190 39
1191 39
1192 39
1193 39
1194 39
1195 39
1196 39
1197 39
1198 39
1199 39
1200 39
1201 39
1202 39
1203 39
1204 39
1205 39
1206 39
1207 39
1208 39
1209 39
1210 39
1211 39
1212 39
1213 39
1214 39
1215 39
1216 39
1217 39
1218 39
1219 39
1220 39
1221 39
1222 39
1223 39
1224 39
1225 39
1226 39
1227 39
1228 39
1229 39
1230 39
1231 39
1232 39
1233 39
1234 39
1235 39
1236 39
1237 39
1238 39
1239 39
1240 39
1241 39
1242 39
1243 39
1244 39
1245 39
1246 39
1247 39
1248 39
1249 39
1250 39
1251 39
1252 39
1253 39
1254 39
1255 40
1256 40
1257 40
1258 40
1259 40
1260 40
1261 40
1262 40
1263 40
1264 40
1265 40
1266 40
1267 40
1268 40
1269 40
1270 40
1271 40
1272 40
1273 40
1274 40
1275 40
1276 40
1277 41
1278 41
1279 41
1280 41
1281 41
1282 41
1283 41
1284 41
1285 41
1286 41
1287 41
1288 41
1289 41
1290 41
1291 41
1292 41
1293 42
1294 42
1295 42
1296 42
1297 42
1298 42
1299 42
1300 42
1301 42
1302 42
1303 42
1304 42
1305 42
1306 42
1307 42
1308 42
1309 42
1310 42
1311 42
1312 42
1313 42
1314 42
1315 42
1316 42
1317 42
1318 42
1319 42
1320 42
1321 42
1322 42
1323 42
1324 42
1325 42
1326 42
1327 42
1328 42
1329 42
1330 42
1331 42
1332 42
1333 42
1334 42
1335 43
1336 43
1337 43
1338 43
1339 43
1340 43
1341 43
1342 43
1343 43
1344 43
1345 43
1346 43
1347 43
1348 43
1349 43
1350 43
1351 43
1352 43
1353 43
1354 43
1355 43
1356 43
1357 43
1358 43
1359 43
1360 43
1361 43
1362 43
1363 43
1364 43
1365 43
1366 43
1367 43
1368 43
1369 43
1370 43
1371 43
1372 43
1373 43
1374 43
1375 43
1376 43
1377 43
1378 43
1379 43
1380 43
1381 43
1382 43
1383 43
1384 43
1385 43
1386 43
1387 43
1388 43
1389 43
1390 43
1391 43
1392 43
1393 43
1394 43
1395 43
1396 43
1397 43
1398 43
1399 43
1400 43
1401 43
1402 43
1403 43
1404 43
1405 43
1406 43
1407 44
1408 44
1409 44
1410 44
1411 44
1412 44
1413 44
1414 44
1415 44
1416 44
1417 44
1418 44
1419 44
1420 44
1421 44
1422 44
1423 44
1424 44
1425 44
1426 44
1427 44
1428 44
1429 44
1430 44
1431 44
1432 44
1433 44
1434 44
1435 44
1436 44
1437 44
1438 44
1439 44
1440 44
1441 44
1442 44
1443 44
1444 44
1445 44
1446 44
1447 44
1448 44
1449 44
1450 44
1451 44
1452 44
1453 44
1454 44
1455 44
1456 44
1457 44
1458 44
1459 44
1460 44
1461 44
1462 44
1463 44
1464 44
1465 44
1466 44
1467 44
1468 44
1469 44
1470 44
1471 44
1472 44
1473 44
1474 44
1475 44
1476 44
1477 44
1478 44
1479 44
1480 44
1481 44
1482 44
1483 44
1484 44
1485 44
1486 44
1487 44
1488 44
1489 44
1490 44
1491 44
1492 44
1493 44
1494 44
1495 44
1496 44
1497 44
1498 44
1499 44
1500 44
1501 44
1502 44
1503 44
1504 44
1505 44
1506 44
1507 44
1508 44
1509 45
1510 45
1511 45
1512 45
1513 45
1514 45
1515 45
1516 45
1517 45
1518 45
1519 45
1520 45
1521 45
1522 45
1523 45
1524 45
1525 45
1526 45
1527 45
1528 45
1529 45
1530 45
1531 45
1532 45
1533 45
1534 45
1535 46
1536 46
1537 46
1538 46
1539 46
1540 46
1541 46
1542 46
1543 46
1544 46
1545 46
1546 46
1547 46
1548 46
1549 46
1550 46
1551 46
1552 46
1553 46
1554 46
1555 46
1556 46
1557 46
1558 46
1559 46
1560 46
1561 46
1562 46
1563 46
1564 46
1565 46
1566 46
1567 46
1568 46
1569 46
1570 46
1571 46
1572 46
1573 46
1574 46
1575 46
1576 46
1577 46
1578 46
1579 46
1580 46
1581 46
1582 46
1583 46
1584 46
1585 46
1586 46
1587 46
1588 46
1589 46
1590 46
1591 46
1592 46
1593 46
1594 46
1595 47
1596 47
1597 47
1598 47
1599 47
1600 47
1601 47
1602 47
1603 47
1604 47
1605 47
1606 47
1607 47
1608 47
1609 47
1610 47
1611 47
1612 47
1613 47
1614 47
1615 47
1616 47
1617 47
1618 47
1619 47
1620 47
1621 47
1622 47
1623 47
1624 47
1625 47
1626 47
1627 47
1628 47
1629 47
1630 47
1631 47
1632 47
1633 47
1634 47
1635 47
1636 47
1637 47
1638 47
1639 47
1640 47
1641 47
1642 47
1643 47
1644 47
1645 47
1646 47
1647 47
1648 47
1649 47
1650 47
1651 47
1652 47
1653 47
1654 47
1655 47
1656 47
1657 47
1658 47
1659 47
1660 47
1661 47
1662 47
1663 47
1664 47
1665 47
1666 47
1667 47
1668 47
1669 47
1670 47
1671 47
1672 47
1673 47
1674 47
1675 47
1676 47
1677 47
1678 47
1679 47
1680 47
1681 47
1682 47
1683 47
1684 47
1685 47
1686 47
1687 47
1688 47
1689 47
1690 47
1691 47
1692 47
1693 47
1694 47
1695 47
1696 47
1697 47
1698 47
1699 47
1700 47
1701 47
1702 47
1703 47
1704 47
1705 47
1706 47
1707 48
1708 48
1709 48
1710 48
1711 48
1712 48
1713 48
1714 48
1715 48
1716 48
1717 48
1718 48
1719 48
1720 48
1721 48
1722 48
1723 48
1724 48
1725 48
1726 48
1727 48
1728 48
1729 48
1730 48
1731 48
1732 48
1733 48
1734 48
1735 49
1736 49
1737 49
1738 49
1739 49
1740 49
1741 49
1742 49
1743 49
1744 49
1745 49
1746 49
1747 49
1748 49
1749 49
1750 49
1751 49
1752 49
1753 49
1754 49
1755 49
1756 49
1757 49
1758 49
1759 49
1760 49
1761 49
1762 49
1763 49
1764 49
1765 49
1766 49
1767 49
1768 49
1769 49
1770 49
1771 49
1772 49
1773 49
1774 49
1775 49
1776 49
1777 49
1778 49
1779 50
1780 50
1781 50
1782 50
1783 50
1784 50
1785 50
1786 50
1787 50
1788 50
1789 50
1790 50
1791 50
1792 50
1793 50
1794 50
1795 50
1796 50
1797 50
1798 50
1799 50
1800 50
1801 50
1802 50
1803 50
1804 50
1805 50
1806 50
1807 50
1808 50
1809 50
1810 50
1811 50
1812 50
1813 50
1814 50
1815 50
1816 50
1817 50
1818 50
1819 50
1820 50
1821 50
1822 50
1823 50
1824 50
1825 50
1826 50
1827 50
1828 50
1829 50
1830 50
1831 50
1832 50
1833 50
1834 50
1835 51
1836 51
1837 51
1838 51
1839 51
1840 51
1841 51
1842 51
1843 51
1844 51
1845 51
1846 51
1847 51
1848 51
1849 51
1850 51
1851 51
1852 51
1853 51
1854 51
1855 51
1856 51
1857 51
1858 51
1859 51
1860 51
1861 51
1862 51
1863 51
1864 51
1865 51
1866 51
1867 51
1868 51
1869 51
1870 51
1871 51
1872 51
1873 51
1874 51
1875 51
1876 51
1877 51
1878 51
1879 51
1880 51
1881 51
1882 51
1883 51
1884 51
1885 51
1886 51
1887 51
1888 51
1889 51
1890 51
1891 51
1892 51
1893 51
1894 51
1895 51
1896 51
1897 51
1898 51
1899 51
1900 51
1901 51
1902 51
1903 51
1904 51
1905 51
1906 51
1907 51
1908 51
1909 51
1910 51
1911 51
1912 51
1913 51
1914 51
1915 51
1916 51
1917 51
1918 51
1919 52
1920 52
1921 52
1922 52
1923 52
1924 52
1925 52
1926 52
1927 52
1928 52
1929 52
1930 52
1931 52
1932 52
1933 52
1934 52
1935 52
1936 52
1937 52
1938 52
1939 52
1940 52
1941 52
1942 52
1943 52
1944 52
1945 52
1946 52
1947 52
1948 52
1949 52
1950 52
1951 52
1952 52
1953 52
1954 52
1955 52
1956 52
1957 52
1958 52
1959 52
1960 52
1961 52
1962 52
1963 52
1964 52
1965 52
1966 52
1967 52
1968 52
1969 52
1970 52
1971 52
1972 52
1973 52
1974 52
1975 52
1976 52
1977 52
1978 52
1979 52
1980 52
1981 52
1982 52
1983 52
1984 52
1985 52
1986 52
1987 52
1988 52
1989 52
1990 52
1991 53
1992 53
1993 53
1994 53
1995 53
1996 53
1997 53
1998 53
1999 54
2000 54
2001 54
2002 54
2003 54
2004 54
2005 54
2006 54
2007 54
2008 54
2009 54
2010 54
2011 54
2012 54
2013 54
2014 54
2015 54
2016 54
2017 54
2018 54
2019 54
2020 54
2021 54
2022 54
2023 54
2024 54
2025 54
2026 54
2027 54
2028 54
2029 54
2030 54
2031 54
2032 54
2033 54
2034 54
2035 54
2036 54
2037 54
2038 54
2039 54
2040 54
2041 54
2042 54
2043 54
2044 54
2045 54
2046 54
2047 54
2048 54
2049 54
2050 54
2051 54
2052 54
2053 54
2054 54
2055 54
2056 54
2057 54
2058 54
2059 54
2060 54
2061 54
2062 54
2063 54
2064 54
2065 54
2066 54
2067 54
2068 54
2069 54
2070 54
2071 55
2072 55
2073 55
2074 55
2075 55
2076 55
2077 55
2078 55
2079 55
2080 55
2081 55
2082 55
2083 55
2084 55
2085 55
2086 55
2087 55
2088 55
2089 55
2090 55
2091 55
2092 55
2093 55
2094 55
2095 55
2096 55
2097 55
2098 55
2099 55
2100 55
2101 55
2102 55
2103 55
2104 55
2105 55
2106 55
2107 55
2108 55
2109 55
2110 55
2111 55
2112 55
2113 55
2114 55
2115 55
2116 55
2117 55
2118 55
2119 55
2120 55
2121 55
2122 55
2123 55
2124 55
2125 55
2126 55
2127 55
2128 55
2129 55
2130 55
2131 55
2132 55
2133 55
2134 55
2135 55
2136 55
2137 55
2138 55
2139 55
2140 55
2141 56
2142 56
2143 56
2144 56
2145 56
2146 56
2147 56
2148 56
2149 56
2150 56
2151 56
2152 56
2153 56
2154 56
2155 56
2156 56
2157 56
2158 56
2159 56
2160 56
2161 56
2162 56
2163 56
2164 56
2165 56
2166 56
2167 56
2168 56
2169 56
2170 56
2171 56
2172 56
2173 56
2174 56
2175 56
2176 56
2177 56
2178 56
2179 56
2180 56
2181 56
2182 56
2183 56
2184 56
2185 56
2186 56
2187 56
2188 56
2189 56
2190 56
2191 56
2192 56
2193 57
2194 57
2195 57
2196 57
2197 57
2198 57
2199 57
2200 57
2201 57
2202 57
2203 57
2204 57
2205 57
2206 57
2207 57
2208 57
2209 57
2210 57
2211 57
2212 57
2213 57
2214 57
2215 57
2216 57
2217 57
2218 57
2219 57
2220 57
2221 57
2222 57
2223 57
2224 57
2225 57
2226 57
2227 57
2228 57
2229 57
2230 57
2231 57
2232 57
2233 57
2234 57
2235 57
2236 57
2237 57
2238 57
2239 57
2240 57
2241 57
2242 57
2243 57
2244 57
2245 57
2246 57
2247 57
2248 57
2249 57
2250 57
2251 57
2252 57
2253 57
2254 57
2255 57
2256 57
2257 57
2258 57
2259 57
2260 57
2261 57
2262 57
2263 57
2264 57
2265 57
2266 57
2267 57
2268 57
2269 57
2270 57
2271 57
2272 57
2273 57
2274 57
2275 57
2276 57
2277 57
2278 57
2279 57
2280 57
2281 57
2282 57
2283 57
2284 57
2285 57
2286 57
2287 58
2288 58
2289 58
2290 58
2291 58
2292 58
2293 58
2294 58
2295 58
2296 58
2297 58
2298 58
2299 58
2300 58
2301 58
2302 58
2303 58
2304 58
2305 58
2306 58
2307 58
2308 58
2309 58
2310 58
2311 58
2312 58
2313 58
2314 58
2315 58
2316 58
2317 58
2318 58
2319 58
2320 58
2321 58
2322 58
2323 58
2324 58
2325 58
2326 58
2327 58
2328 58
2329 58
2330 58
2331 58
2332 58
2333 58
2334 58
2335 58
2336 58
2337 58
2338 58
2339 58
2340 58
2341 58
2342 58
2343 58
2344 58
2345 58
2346 58
2347 58
2348 58
2349 58
2350 58
2351 58
2352 58
2353 58
2354 58
2355 59
2356 59
2357 59
2358 59
2359 59
2360 59
2361 59
2362 59
2363 59
2364 59
2365 59
2366 59
2367 59
2368 59
2369 59
2370 59
2371 59
2372 59
2373 59
2374 59
2375 59
2376 59
2377 59
2378 59
2379 59
2380 59
2381 59
2382 59
2383 59
2384 59
2385 59
2386 59
2387 59
2388 59
2389 59
2390 59
2391 59
2392 59
2393 59
2394 59
2395 59
2396 59
2397 59
2398 59
2399 59
2400 59
2401 59
2402 59
2403 59
2404 59
2405 59
2406 59
2407 59
2408 59
2409 59
2410 59
2411 59
2412 59
2413 59
2414 59
2415 59
2416 59
2417 59
2418 59
2419 59
2420 59
2421 59
2422 59
2423 59
2424 59
2425 59
2426 59
2427 60
2428 60
2429 60
2430 60
2431 60
2432 60
2433 60
2434 60
2435 60
2436 60
2437 60
2438 60
2439 60
2440 60
2441 60
2442 60
2443 60
2444 60
2445 60
2446 60
2447 60
2448 60
2449 60
2450 60
2451 60
2452 60
2453 60
2454 60
2455 61
2456 61
2457 61
2458 61
2459 61
2460 61
2461 61
2462 61
2463 61
2464 61
2465 61
2466 61
2467 61
2468 61
2469 61
2470 61
2471 61
2472 61
2473 61
2474 61
2475 61
2476 61
2477 61
2478 61
2479 61
2480 61
2481 61
2482 61
2483 61
2484 61
2485 61
2486 61
2487 61
2488 61
2489 61
2490 61
2491 61
2492 61
2493 61
2494 61
2495 61
2496 61
2497 61
2498 61
2499 61
2500 61
2501 61
2502 61
2503 61
2504 61
2505 61
2506 61
2507 61
2508 61
2509 61
2510 61
2511 61
2512 61
2513 61
2514 61
2515 61
2516 61
2517 61
2518 61
2519 61
2520 61
2521 61
2522 61
2523 61
2524 61
2525 61
2526 61
2527 61
2528 61
2529 61
2530 61
2531 61
2532 61
2533 61
2534 61
2535 61
2536 61
2537 61
2538 61
2539 61
2540 61
2541 61
2542 61
2543 61
2544 61
2545 61
2546 61
2547 61
2548 61
2549 61
2550 61
2551 61
2552 61
2553 61
2554 61
2555 61
2556 61
2557 61
2558 61
2559 61
2560 61
2561 61
2562 61
2563 61
2564 61
2565 61
2566 61
2567 61
2568 61
2569 61
2570 61
2571 61
2572 61
2573 61
2574 61
2575 61
2576 61
2577 61
2578 61
2579 61
2580 61
2581 61
2582 61
2583 61
2584 61
2585 61
2586 61
2587 61
2588 61
2589 61
2590 61
2591 61
2592 61
2593 61
2594 61
2595 61
2596 61
2597 61
2598 61
2599 61
2600 61
2601 61
2602 61
2603 61
2604 61
2605 61
2606 61
2607 61
2608 61
2609 61
2610 61
2611 61
2612 61
2613 61
2614 61
2615 61
2616 61
2617 61
2618 61
2619 61
2620 61
2621 61
2622 61
2623 61
2624 61
2625 61
2626 61
2627 62
2628 62
2629 62
2630 62
2631 62
2632 62
2633 62
2634 62
2635 62
2636 62
2637 62
2638 62
2639 62
2640 62
2641 62
2642 62
2643 62
2644 62
2645 62
2646 62
2647 62
2648 62
2649 62
2650 62
2651 62
2652 62
2653 62
2654 62
2655 62
2656 62
2657 62
2658 62
2659 62
2660 62
2661 62
2662 62
2663 62
2664 62
2665 62
2666 62
2667 62
2668 62
2669 62
2670 62
2671 62
2672 62
2673 62
2674 62
2675 62
2676 62
2677 62
2678 62
2679 62
2680 62
2681 62
2682 62
2683 62
2684 62
2685 62
2686 62
2687 62
2688 62
2689 62
2690 62
2691 62
2692 62
2693 62
2694 62
2695 62
2696 62
2697 62
2698 62
2699 62
2700 62
2701 62
2702 62
2703 62
2704 62
2705 62
2706 62
2707 62
2708 62
2709 62
2710 62
2711 62
2712 62
2713 62
2714 62
2715 62
2716 62
2717 62
2718 62
2719 62
2720 62
2721 62
2722 62
2723 62
2724 62
2725 62
2726 62
2727 62
2728 62
2729 63
2730 63
2731 63
2732 63
2733 63
2734 63
2735 63
2736 63
2737 63
2738 63
2739 63
2740 63
2741 64
2742 64
2743 64
2744 64
2745 64
2746 64
2747 64
2748 64
2749 64
2750 64
2751 64
2752 64
2753 64
2754 64
2755 64
2756 64
2757 64
2758 64
2759 64
2760 64
2761 64
2762 64
2763 64
2764 64
2765 64
2766 64
2767 64
2768 64
2769 64
2770 64
2771 64
2772 64
2773 64
2774 64
2775 64
2776 64
2777 64
2778 64
2779 64
2780 64
2781 64
2782 64
2783 64
2784 64
2785 64
2786 64
2787 64
2788 64
2789 64
2790 64
2791 64
2792 64
2793 64
2794 64
2795 64
2796 64
2797 64
2798 64
2799 64
2800 64
2801 64
2802 64
2803 64
2804 64
2805 64
2806 64
2807 64
2808 64
2809 64
2810 64
2811 64
2812 64
2813 64
2814 64
2815 64
2816 64
2817 64
2818 64
2819 64
2820 64
2821 64
2822 64
2823 64
2824 64
2825 64
2826 64
2827 64
2828 64
2829 64
2830 64
2831 64
2832 64
2833 64
2834 64
2835 64
2836 64
2837 64
2838 64
2839 64
2840 64
2841 64
2842 64
2843 64
2844 64
2845 64
2846 64
2847 64
2848 64
2849 64
2850 64
2851 64
2852 64
2853 64
2854 64
2855 64
2856 64
2857 64
2858 64
2859 64
2860 64
2861 64
2862 64
2863 64
2864 64
2865 64
2866 64
2867 64
2868 64
2869 64
2870 64
2871 64
2872 64
2873 64
2874 64
2875 64
2876 64
2877 64
2878 64
2879 64
2880 64
2881 64
2882 64
2883 64
2884 64
2885 64
2886 64
2887 64
2888 64
2889 64
2890 64
2891 64
2892 64
2893 64
2894 64
2895 64
2896 64
2897 64
2898 64
2899 64
2900 64
2901 64
2902 64
2903 64
2904 64
2905 64
2906 64
2907 64
2908 64
2909 64
2910 64
2911 64
2912 64
2913 64
2914 64
2915 64
2916 64
2917 64
2918 64
2919 64
2920 64
2921 64
2922 64
2923 64
2924 64
2925 64
2926 64
2927 64
2928 64
2929 64
2930 64
2931 64
2932 64
2933 64
2934 64
2935 64
2936 64
2937 64
2938 64
2939 64
2940 64
2941 64
2942 64
2943 64
2944 64
2945 64
2946 64
2947 64
2948 64
2949 64
2950 64
2951 64
2952 64
2953 64
2954 64
2955 64
2956 64
2957 64
2958 64
2959 64
2960 64
2961 64
2962 64
2963 64
2964 64
2965 64
2966 64
2967 64
2968 64
2969 64
2970 64
2971 64
2972 64
2973 64
2974 64
2975 64
2976 64
2977 64
2978 64
2979 64
2980 64
2981 64
2982 64
2983 64
2984 64
2985 64
2986 64
2987 64
2988 64
2989 64
2990 64
2991 64
2992 64
2993 65
2994 65
2995 65
2996 65
2997 65
2998 65
2999 65
3000 65
