# A392165 extended: k a(k) = least N with f(N) = k, for k = 1..65 (k <= 39 agrees with OEIS)
1 1
2 5
3 19
4 23
5 37
6 41
7 59
8 87
9 101
10 105
11 113
12 131
13 151
14 159
15 167
16 195
17 203
18 239
19 259
20 303
21 307
22 403
23 451
24 499
25 517
26 553
27 573
28 609
29 645
30 701
31 719
32 787
33 807
34 827
35 889
36 1003
37 1055
38 1067
39 1103
40 1255
41 1277
42 1293
43 1335
44 1407
45 1509
46 1535
47 1595
48 1707
49 1735
50 1779
51 1835
52 1919
53 1991
54 1999
55 2071
56 2141
57 2193
58 2287
59 2355
60 2427
61 2455
62 2627
63 2729
64 2741
65 2993
